 -3.745367	 7.567689	 3.286914	 -1.963369	 -0.815217	 -0.252224
 -3.747330	 7.566874	 3.286662	 -1.963170	 -0.815619	 -0.252399
 -3.749293	 7.566058	 3.286409	 -1.962971	 -0.816020	 -0.252573
 -3.751256	 7.565242	 3.286157	 -1.962772	 -0.816422	 -0.252747
 -3.753219	 7.564426	 3.285904	 -1.962573	 -0.816823	 -0.252922
 -3.755181	 7.563609	 3.285651	 -1.962374	 -0.817225	 -0.253096
 -3.757144	 7.562792	 3.285398	 -1.962175	 -0.817626	 -0.253270
 -3.759106	 7.561974	 3.285145	 -1.961975	 -0.818027	 -0.253445
 -3.761068	 7.561156	 3.284891	 -1.961776	 -0.818428	 -0.253619
 -3.763030	 7.560338	 3.284638	 -1.961576	 -0.818830	 -0.253793
 -3.764991	 7.559519	 3.284384	 -1.961377	 -0.819231	 -0.253968
 -3.766953	 7.558700	 3.284130	 -1.961177	 -0.819632	 -0.254142
 -3.768914	 7.557880	 3.283876	 -1.960977	 -0.820033	 -0.254316
 -3.770875	 7.557060	 3.283621	 -1.960777	 -0.820434	 -0.254490
 -3.772836	 7.556240	 3.283367	 -1.960577	 -0.820835	 -0.254665
 -3.774796	 7.555419	 3.283112	 -1.960377	 -0.821236	 -0.254839
 -3.776757	 7.554598	 3.282857	 -1.960177	 -0.821637	 -0.255013
 -3.778717	 7.553776	 3.282602	 -1.959976	 -0.822038	 -0.255187
 -3.780677	 7.552954	 3.282347	 -1.959776	 -0.822438	 -0.255361
 -3.782636	 7.552131	 3.282092	 -1.959575	 -0.822839	 -0.255536
 -3.784596	 7.551309	 3.281836	 -1.959374	 -0.823240	 -0.255710
 -3.786555	 7.550485	 3.281581	 -1.959174	 -0.823640	 -0.255884
 -3.788515	 7.549662	 3.281325	 -1.958973	 -0.824041	 -0.256058
 -3.790474	 7.548838	 3.281069	 -1.958772	 -0.824441	 -0.256232
 -3.792432	 7.548013	 3.280812	 -1.958571	 -0.824842	 -0.256406
 -3.794391	 7.547188	 3.280556	 -1.958369	 -0.825242	 -0.256580
 -3.796349	 7.546363	 3.280299	 -1.958168	 -0.825643	 -0.256754
 -3.798307	 7.545538	 3.280043	 -1.957967	 -0.826043	 -0.256928
 -3.800265	 7.544711	 3.279786	 -1.957765	 -0.826443	 -0.257102
 -3.802223	 7.543885	 3.279529	 -1.957564	 -0.826844	 -0.257276
 -3.804181	 7.543058	 3.279271	 -1.957362	 -0.827244	 -0.257450
 -3.806138	 7.542231	 3.279014	 -1.957160	 -0.827644	 -0.257624
 -3.808095	 7.541403	 3.278756	 -1.956958	 -0.828044	 -0.257798
 -3.810052	 7.540575	 3.278499	 -1.956756	 -0.828444	 -0.257972
 -3.812009	 7.539747	 3.278241	 -1.956554	 -0.828844	 -0.258146
 -3.813966	 7.538918	 3.277982	 -1.956352	 -0.829244	 -0.258320
 -3.815922	 7.538089	 3.277724	 -1.956150	 -0.829644	 -0.258494
 -3.817878	 7.537259	 3.277466	 -1.955947	 -0.830044	 -0.258667
 -3.819834	 7.536429	 3.277207	 -1.955745	 -0.830443	 -0.258841
 -3.821790	 7.535599	 3.276948	 -1.955542	 -0.830843	 -0.259015
 -3.823745	 7.534768	 3.276689	 -1.955339	 -0.831243	 -0.259189
 -3.825701	 7.533936	 3.276430	 -1.955137	 -0.831643	 -0.259363
 -3.827656	 7.533105	 3.276171	 -1.954934	 -0.832042	 -0.259536
 -3.829611	 7.532273	 3.275911	 -1.954731	 -0.832442	 -0.259710
 -3.831565	 7.531440	 3.275651	 -1.954528	 -0.832841	 -0.259884
 -3.833520	 7.530608	 3.275391	 -1.954324	 -0.833241	 -0.260058
 -3.835474	 7.529774	 3.275131	 -1.954121	 -0.833640	 -0.260231
 -3.837428	 7.528941	 3.274871	 -1.953918	 -0.834039	 -0.260405
 -3.839382	 7.528107	 3.274611	 -1.953714	 -0.834439	 -0.260579
 -3.841336	 7.527272	 3.274350	 -1.953511	 -0.834838	 -0.260752
 -3.843290	 7.526437	 3.274089	 -1.953307	 -0.835237	 -0.260926
 -3.845243	 7.525602	 3.273828	 -1.953103	 -0.835636	 -0.261100
 -3.847196	 7.524766	 3.273567	 -1.952899	 -0.836035	 -0.261273
 -3.849149	 7.523930	 3.273306	 -1.952695	 -0.836434	 -0.261447
 -3.851102	 7.523094	 3.273045	 -1.952491	 -0.836833	 -0.261621
 -3.853054	 7.522257	 3.272783	 -1.952287	 -0.837232	 -0.261794
 -3.855006	 7.521420	 3.272521	 -1.952082	 -0.837631	 -0.261968
 -3.856958	 7.520582	 3.272259	 -1.951878	 -0.838030	 -0.262141
 -3.858910	 7.519744	 3.271997	 -1.951673	 -0.838429	 -0.262315
 -3.860862	 7.518906	 3.271735	 -1.951469	 -0.838828	 -0.262488
 -3.862813	 7.518067	 3.271472	 -1.951264	 -0.839226	 -0.262662
 -3.864765	 7.517228	 3.271210	 -1.951059	 -0.839625	 -0.262835
 -3.866716	 7.516388	 3.270947	 -1.950854	 -0.840023	 -0.263009
 -3.868667	 7.515548	 3.270684	 -1.950649	 -0.840422	 -0.263182
 -3.870617	 7.514708	 3.270421	 -1.950444	 -0.840821	 -0.263355
 -3.872568	 7.513867	 3.270157	 -1.950239	 -0.841219	 -0.263529
 -3.874518	 7.513026	 3.269894	 -1.950034	 -0.841617	 -0.263702
 -3.876468	 7.512184	 3.269630	 -1.949828	 -0.842016	 -0.263876
 -3.878418	 7.511342	 3.269366	 -1.949623	 -0.842414	 -0.264049
 -3.880367	 7.510500	 3.269102	 -1.949417	 -0.842812	 -0.264222
 -3.882317	 7.509657	 3.268838	 -1.949211	 -0.843210	 -0.264396
 -3.884266	 7.508814	 3.268573	 -1.949006	 -0.843609	 -0.264569
 -3.886215	 7.507970	 3.268309	 -1.948800	 -0.844007	 -0.264742
 -3.888164	 7.507126	 3.268044	 -1.948594	 -0.844405	 -0.264916
 -3.890112	 7.506282	 3.267779	 -1.948387	 -0.844803	 -0.265089
 -3.892061	 7.505437	 3.267514	 -1.948181	 -0.845201	 -0.265262
 -3.894009	 7.504592	 3.267249	 -1.947975	 -0.845599	 -0.265435
 -3.895957	 7.503746	 3.266983	 -1.947768	 -0.845996	 -0.265608
 -3.897905	 7.502900	 3.266718	 -1.947562	 -0.846394	 -0.265782
 -3.899852	 7.502054	 3.266452	 -1.947355	 -0.846792	 -0.265955
 -3.901800	 7.501207	 3.266186	 -1.947149	 -0.847190	 -0.266128
 -3.903747	 7.500360	 3.265920	 -1.946942	 -0.847587	 -0.266301
 -3.905694	 7.499512	 3.265654	 -1.946735	 -0.847985	 -0.266474
 -3.907641	 7.498664	 3.265387	 -1.946528	 -0.848382	 -0.266647
 -3.909587	 7.497816	 3.265121	 -1.946321	 -0.848780	 -0.266820
 -3.911533	 7.496967	 3.264854	 -1.946113	 -0.849177	 -0.266994
 -3.913479	 7.496118	 3.264587	 -1.945906	 -0.849575	 -0.267167
 -3.915425	 7.495268	 3.264320	 -1.945699	 -0.849972	 -0.267340
 -3.917371	 7.494418	 3.264052	 -1.945491	 -0.850369	 -0.267513
 -3.919317	 7.493568	 3.263785	 -1.945283	 -0.850767	 -0.267686
 -3.921262	 7.492717	 3.263517	 -1.945076	 -0.851164	 -0.267859
 -3.923207	 7.491866	 3.263249	 -1.944868	 -0.851561	 -0.268032
 -3.925152	 7.491014	 3.262981	 -1.944660	 -0.851958	 -0.268205
 -3.927096	 7.490162	 3.262713	 -1.944452	 -0.852355	 -0.268378
 -3.929041	 7.489310	 3.262445	 -1.944244	 -0.852752	 -0.268550
 -3.930985	 7.488457	 3.262176	 -1.944035	 -0.853149	 -0.268723
 -3.932929	 7.487604	 3.261907	 -1.943827	 -0.853546	 -0.268896
 -3.934873	 7.486751	 3.261638	 -1.943619	 -0.853943	 -0.269069
 -3.936817	 7.485897	 3.261369	 -1.943410	 -0.854339	 -0.269242
 -3.938760	 7.485042	 3.261100	 -1.943201	 -0.854736	 -0.269415
 -3.940703	 7.484188	 3.260831	 -1.942993	 -0.855133	 -0.269588
 -3.942646	 7.483332	 3.260561	 -1.942784	 -0.855530	 -0.269760
 -3.944589	 7.482477	 3.260291	 -1.942575	 -0.855926	 -0.269933
 -3.946532	 7.481621	 3.260021	 -1.942366	 -0.856323	 -0.270106
 -3.948474	 7.480765	 3.259751	 -1.942157	 -0.856719	 -0.270279
 -3.950416	 7.479908	 3.259481	 -1.941948	 -0.857116	 -0.270452
 -3.952358	 7.479051	 3.259211	 -1.941738	 -0.857512	 -0.270624
 -3.954300	 7.478193	 3.258940	 -1.941529	 -0.857908	 -0.270797
 -3.956241	 7.477335	 3.258669	 -1.941319	 -0.858305	 -0.270970
 -3.958183	 7.476477	 3.258398	 -1.941110	 -0.858701	 -0.271142
 -3.960124	 7.475618	 3.258127	 -1.940900	 -0.859097	 -0.271315
 -3.962065	 7.474759	 3.257856	 -1.940690	 -0.859493	 -0.271488
 -3.964005	 7.473900	 3.257584	 -1.940480	 -0.859889	 -0.271660
 -3.965946	 7.473040	 3.257313	 -1.940270	 -0.860285	 -0.271833
 -3.967886	 7.472180	 3.257041	 -1.940060	 -0.860681	 -0.272006
 -3.969826	 7.471319	 3.256769	 -1.939850	 -0.861077	 -0.272178
 -3.971766	 7.470458	 3.256497	 -1.939639	 -0.861473	 -0.272351
 -3.973706	 7.469596	 3.256224	 -1.939429	 -0.861869	 -0.272523
 -3.975645	 7.468734	 3.255952	 -1.939218	 -0.862264	 -0.272696
 -3.977584	 7.467872	 3.255679	 -1.939008	 -0.862660	 -0.272868
 -3.979523	 7.467010	 3.255406	 -1.938797	 -0.863056	 -0.273041
 -3.981462	 7.466146	 3.255133	 -1.938586	 -0.863451	 -0.273213
 -3.983401	 7.465283	 3.254860	 -1.938375	 -0.863847	 -0.273386
 -3.985339	 7.464419	 3.254586	 -1.938164	 -0.864243	 -0.273558
 -3.987277	 7.463555	 3.254313	 -1.937953	 -0.864638	 -0.273731
 -3.989215	 7.462690	 3.254039	 -1.937742	 -0.865033	 -0.273903
 -3.991153	 7.461825	 3.253765	 -1.937530	 -0.865429	 -0.274075
 -3.993090	 7.460960	 3.253491	 -1.937319	 -0.865824	 -0.274248
 -3.995028	 7.460094	 3.253217	 -1.937107	 -0.866219	 -0.274420
 -3.996965	 7.459228	 3.252943	 -1.936896	 -0.866614	 -0.274592
 -3.998902	 7.458361	 3.252668	 -1.936684	 -0.867010	 -0.274765
 -4.000838	 7.457494	 3.252393	 -1.936472	 -0.867405	 -0.274937
 -4.002775	 7.456627	 3.252118	 -1.936260	 -0.867800	 -0.275109
 -4.004711	 7.455759	 3.251843	 -1.936048	 -0.868195	 -0.275282
 -4.006647	 7.454891	 3.251568	 -1.935836	 -0.868590	 -0.275454
 -4.008583	 7.454022	 3.251292	 -1.935624	 -0.868985	 -0.275626
 -4.010519	 7.453153	 3.251017	 -1.935412	 -0.869379	 -0.275798
 -4.012454	 7.452284	 3.250741	 -1.935199	 -0.869774	 -0.275970
 -4.014389	 7.451414	 3.250465	 -1.934987	 -0.870169	 -0.276143
 -4.016324	 7.450544	 3.250189	 -1.934774	 -0.870564	 -0.276315
 -4.018259	 7.449673	 3.249913	 -1.934561	 -0.870958	 -0.276487
 -4.020194	 7.448802	 3.249636	 -1.934348	 -0.871353	 -0.276659
 -4.022128	 7.447931	 3.249359	 -1.934135	 -0.871747	 -0.276831
 -4.024062	 7.447059	 3.249083	 -1.933922	 -0.872142	 -0.277003
 -4.025996	 7.446187	 3.248806	 -1.933709	 -0.872536	 -0.277175
 -4.027930	 7.445315	 3.248528	 -1.933496	 -0.872931	 -0.277348
 -4.029863	 7.444442	 3.248251	 -1.933283	 -0.873325	 -0.277520
 -4.031797	 7.443568	 3.247974	 -1.933069	 -0.873719	 -0.277692
 -4.033730	 7.442695	 3.247696	 -1.932856	 -0.874113	 -0.277864
 -4.035662	 7.441820	 3.247418	 -1.932642	 -0.874508	 -0.278036
 -4.037595	 7.440946	 3.247140	 -1.932428	 -0.874902	 -0.278208
 -4.039528	 7.440071	 3.246862	 -1.932215	 -0.875296	 -0.278380
 -4.041460	 7.439196	 3.246583	 -1.932001	 -0.875690	 -0.278551
 -4.043392	 7.438320	 3.246305	 -1.931787	 -0.876084	 -0.278723
 -4.045324	 7.437444	 3.246026	 -1.931573	 -0.876478	 -0.278895
 -4.047255	 7.436568	 3.245747	 -1.931358	 -0.876872	 -0.279067
 -4.049186	 7.435691	 3.245468	 -1.931144	 -0.877265	 -0.279239
 -4.051118	 7.434813	 3.245189	 -1.930930	 -0.877659	 -0.279411
 -4.053049	 7.433936	 3.244909	 -1.930715	 -0.878053	 -0.279583
 -4.054979	 7.433058	 3.244630	 -1.930500	 -0.878446	 -0.279755
 -4.056910	 7.432179	 3.244350	 -1.930286	 -0.878840	 -0.279926
 -4.058840	 7.431300	 3.244070	 -1.930071	 -0.879234	 -0.280098
 -4.060770	 7.430421	 3.243790	 -1.929856	 -0.879627	 -0.280270
 -4.062700	 7.429542	 3.243510	 -1.929641	 -0.880021	 -0.280442
 -4.064630	 7.428662	 3.243229	 -1.929426	 -0.880414	 -0.280614
 -4.066559	 7.427781	 3.242949	 -1.929211	 -0.880807	 -0.280785
 -4.068488	 7.426900	 3.242668	 -1.928995	 -0.881201	 -0.280957
 -4.070417	 7.426019	 3.242387	 -1.928780	 -0.881594	 -0.281129
 -4.072346	 7.425138	 3.242106	 -1.928564	 -0.881987	 -0.281300
 -4.074275	 7.424256	 3.241825	 -1.928349	 -0.882380	 -0.281472
 -4.076203	 7.423373	 3.241543	 -1.928133	 -0.882773	 -0.281644
 -4.078131	 7.422490	 3.241261	 -1.927917	 -0.883166	 -0.281815
 -4.080059	 7.421607	 3.240980	 -1.927701	 -0.883559	 -0.281987
 -4.081987	 7.420724	 3.240698	 -1.927485	 -0.883952	 -0.282158
 -4.083914	 7.419840	 3.240416	 -1.927269	 -0.884345	 -0.282330
 -4.085841	 7.418955	 3.240133	 -1.927053	 -0.884738	 -0.282501
 -4.087768	 7.418071	 3.239851	 -1.926837	 -0.885130	 -0.282673
 -4.089695	 7.417185	 3.239568	 -1.926620	 -0.885523	 -0.282845
 -4.091622	 7.416300	 3.239285	 -1.926404	 -0.885916	 -0.283016
 -4.093548	 7.415414	 3.239002	 -1.926187	 -0.886308	 -0.283188
 -4.095475	 7.414528	 3.238719	 -1.925971	 -0.886701	 -0.283359
 -4.097401	 7.413641	 3.238436	 -1.925754	 -0.887093	 -0.283530
 -4.099326	 7.412754	 3.238152	 -1.925537	 -0.887486	 -0.283702
 -4.101252	 7.411866	 3.237868	 -1.925320	 -0.887878	 -0.283873
 -4.103177	 7.410979	 3.237585	 -1.925103	 -0.888271	 -0.284045
 -4.105102	 7.410090	 3.237300	 -1.924886	 -0.888663	 -0.284216
 -4.107027	 7.409202	 3.237016	 -1.924668	 -0.889055	 -0.284387
 -4.108952	 7.408313	 3.236732	 -1.924451	 -0.889447	 -0.284559
 -4.110876	 7.407423	 3.236447	 -1.924233	 -0.889839	 -0.284730
 -4.112800	 7.406533	 3.236163	 -1.924016	 -0.890231	 -0.284901
 -4.114724	 7.405643	 3.235878	 -1.923798	 -0.890623	 -0.285073
 -4.116648	 7.404752	 3.235593	 -1.923580	 -0.891015	 -0.285244
 -4.118572	 7.403861	 3.235307	 -1.923362	 -0.891407	 -0.285415
 -4.120495	 7.402970	 3.235022	 -1.923144	 -0.891799	 -0.285586
 -4.122418	 7.402078	 3.234736	 -1.922926	 -0.892191	 -0.285758
 -4.124341	 7.401186	 3.234451	 -1.922708	 -0.892583	 -0.285929
 -4.126264	 7.400293	 3.234165	 -1.922490	 -0.892974	 -0.286100
 -4.128186	 7.399400	 3.233879	 -1.922272	 -0.893366	 -0.286271
 -4.130109	 7.398507	 3.233592	 -1.922053	 -0.893758	 -0.286442
 -4.132031	 7.397613	 3.233306	 -1.921834	 -0.894149	 -0.286613
 -4.133953	 7.396719	 3.233019	 -1.921616	 -0.894541	 -0.286785
 -4.135874	 7.395825	 3.232732	 -1.921397	 -0.894932	 -0.286956
 -4.137796	 7.394930	 3.232446	 -1.921178	 -0.895324	 -0.287127
 -4.139717	 7.394034	 3.232158	 -1.920959	 -0.895715	 -0.287298
 -4.141638	 7.393139	 3.231871	 -1.920740	 -0.896106	 -0.287469
 -4.143559	 7.392243	 3.231584	 -1.920521	 -0.896497	 -0.287640
 -4.145479	 7.391346	 3.231296	 -1.920302	 -0.896889	 -0.287811
 -4.147399	 7.390449	 3.231008	 -1.920082	 -0.897280	 -0.287982
 -4.149319	 7.389552	 3.230720	 -1.919863	 -0.897671	 -0.288153
 -4.151239	 7.388654	 3.230432	 -1.919643	 -0.898062	 -0.288324
 -4.153159	 7.387756	 3.230144	 -1.919424	 -0.898453	 -0.288495
 -4.155078	 7.386858	 3.229855	 -1.919204	 -0.898844	 -0.288666
 -4.156998	 7.385959	 3.229567	 -1.918984	 -0.899235	 -0.288836
 -4.158917	 7.385060	 3.229278	 -1.918764	 -0.899625	 -0.289007
 -4.160835	 7.384160	 3.228989	 -1.918544	 -0.900016	 -0.289178
 -4.162754	 7.383260	 3.228700	 -1.918324	 -0.900407	 -0.289349
 -4.164672	 7.382360	 3.228410	 -1.918104	 -0.900797	 -0.289520
 -4.166590	 7.381459	 3.228121	 -1.917883	 -0.901188	 -0.289691
 -4.168508	 7.380558	 3.227831	 -1.917663	 -0.901578	 -0.289861
 -4.170426	 7.379656	 3.227541	 -1.917442	 -0.901969	 -0.290032
 -4.172343	 7.378754	 3.227251	 -1.917222	 -0.902359	 -0.290203
 -4.174261	 7.377852	 3.226961	 -1.917001	 -0.902750	 -0.290374
 -4.176178	 7.376949	 3.226670	 -1.916780	 -0.903140	 -0.290544
 -4.178094	 7.376046	 3.226380	 -1.916559	 -0.903530	 -0.290715
 -4.180011	 7.375142	 3.226089	 -1.916338	 -0.903921	 -0.290886
 -4.181927	 7.374238	 3.225798	 -1.916117	 -0.904311	 -0.291057
 -4.183843	 7.373334	 3.225507	 -1.915896	 -0.904701	 -0.291227
 -4.185759	 7.372429	 3.225216	 -1.915675	 -0.905091	 -0.291398
 -4.187675	 7.371524	 3.224925	 -1.915453	 -0.905481	 -0.291568
 -4.189590	 7.370619	 3.224633	 -1.915232	 -0.905871	 -0.291739
 -4.191506	 7.369713	 3.224341	 -1.915010	 -0.906261	 -0.291910
 -4.193421	 7.368807	 3.224049	 -1.914788	 -0.906651	 -0.292080
 -4.195335	 7.367900	 3.223757	 -1.914566	 -0.907040	 -0.292251
 -4.197250	 7.366993	 3.223465	 -1.914344	 -0.907430	 -0.292421
 -4.199164	 7.366086	 3.223173	 -1.914122	 -0.907820	 -0.292592
 -4.201078	 7.365178	 3.222880	 -1.913900	 -0.908209	 -0.292762
 -4.202992	 7.364269	 3.222587	 -1.913678	 -0.908599	 -0.292933
 -4.204906	 7.363361	 3.222294	 -1.913456	 -0.908988	 -0.293103
 -4.206819	 7.362452	 3.222001	 -1.913233	 -0.909378	 -0.293274
 -4.208733	 7.361543	 3.221708	 -1.913011	 -0.909767	 -0.293444
 -4.210646	 7.360633	 3.221415	 -1.912788	 -0.910157	 -0.293614
 -4.212558	 7.359723	 3.221121	 -1.912566	 -0.910546	 -0.293785
 -4.214471	 7.358812	 3.220827	 -1.912343	 -0.910935	 -0.293955
 -4.216383	 7.357901	 3.220533	 -1.912120	 -0.911324	 -0.294125
 -4.218295	 7.356990	 3.220239	 -1.911897	 -0.911713	 -0.294296
 -4.220207	 7.356078	 3.219945	 -1.911674	 -0.912103	 -0.294466
 -4.222119	 7.355166	 3.219650	 -1.911451	 -0.912492	 -0.294636
 -4.224031	 7.354253	 3.219356	 -1.911227	 -0.912881	 -0.294807
 -4.225942	 7.353341	 3.219061	 -1.911004	 -0.913269	 -0.294977
 -4.227853	 7.352427	 3.218766	 -1.910781	 -0.913658	 -0.295147
 -4.229764	 7.351514	 3.218471	 -1.910557	 -0.914047	 -0.295317
 -4.231674	 7.350600	 3.218175	 -1.910333	 -0.914436	 -0.295487
 -4.233584	 7.349685	 3.217880	 -1.910110	 -0.914825	 -0.295658
 -4.235495	 7.348770	 3.217584	 -1.909886	 -0.915213	 -0.295828
 -4.237404	 7.347855	 3.217288	 -1.909662	 -0.915602	 -0.295998
 -4.239314	 7.346940	 3.216992	 -1.909438	 -0.915990	 -0.296168
 -4.241224	 7.346024	 3.216696	 -1.909213	 -0.916379	 -0.296338
 -4.243133	 7.345107	 3.216400	 -1.908989	 -0.916767	 -0.296508
 -4.245042	 7.344190	 3.216103	 -1.908765	 -0.917156	 -0.296678
 -4.246950	 7.343273	 3.215807	 -1.908540	 -0.917544	 -0.296848
 -4.248859	 7.342356	 3.215510	 -1.908316	 -0.917932	 -0.297018
 -4.250767	 7.341438	 3.215213	 -1.908091	 -0.918320	 -0.297188
 -4.252675	 7.340519	 3.214916	 -1.907866	 -0.918709	 -0.297358
 -4.254583	 7.339601	 3.214618	 -1.907642	 -0.919097	 -0.297528
 -4.256491	 7.338682	 3.214321	 -1.907417	 -0.919485	 -0.297698
 -4.258398	 7.337762	 3.214023	 -1.907192	 -0.919873	 -0.297868
 -4.260306	 7.336842	 3.213725	 -1.906967	 -0.920261	 -0.298038
 -4.262213	 7.335922	 3.213427	 -1.906741	 -0.920649	 -0.298208
 -4.264119	 7.335001	 3.213129	 -1.906516	 -0.921036	 -0.298378
 -4.266026	 7.334080	 3.212831	 -1.906291	 -0.921424	 -0.298548
 -4.267932	 7.333159	 3.212532	 -1.906065	 -0.921812	 -0.298718
 -4.269838	 7.332237	 3.212233	 -1.905839	 -0.922200	 -0.298888
 -4.271744	 7.331315	 3.211935	 -1.905614	 -0.922587	 -0.299057
 -4.273650	 7.330392	 3.211635	 -1.905388	 -0.922975	 -0.299227
 -4.275555	 7.329469	 3.211336	 -1.905162	 -0.923362	 -0.299397
 -4.277460	 7.328546	 3.211037	 -1.904936	 -0.923750	 -0.299567
 -4.279365	 7.327622	 3.210737	 -1.904710	 -0.924137	 -0.299736
 -4.281270	 7.326698	 3.210438	 -1.904484	 -0.924524	 -0.299906
 -4.283174	 7.325774	 3.210138	 -1.904257	 -0.924912	 -0.300076
 -4.285079	 7.324849	 3.209838	 -1.904031	 -0.925299	 -0.300246
 -4.286983	 7.323923	 3.209537	 -1.903804	 -0.925686	 -0.300415
 -4.288886	 7.322998	 3.209237	 -1.903578	 -0.926073	 -0.300585
 -4.290790	 7.322072	 3.208936	 -1.903351	 -0.926460	 -0.300754
 -4.292693	 7.321145	 3.208636	 -1.903124	 -0.926847	 -0.300924
 -4.294596	 7.320218	 3.208335	 -1.902897	 -0.927234	 -0.301094
 -4.296499	 7.319291	 3.208034	 -1.902670	 -0.927621	 -0.301263
 -4.298402	 7.318363	 3.207732	 -1.902443	 -0.928008	 -0.301433
 -4.300304	 7.317435	 3.207431	 -1.902216	 -0.928395	 -0.301602
 -4.302207	 7.316507	 3.207129	 -1.901989	 -0.928782	 -0.301772
 -4.304109	 7.315578	 3.206827	 -1.901762	 -0.929168	 -0.301941
 -4.306010	 7.314649	 3.206526	 -1.901534	 -0.929555	 -0.302111
 -4.307912	 7.313720	 3.206223	 -1.901306	 -0.929941	 -0.302280
 -4.309813	 7.312790	 3.205921	 -1.901079	 -0.930328	 -0.302450
 -4.311714	 7.311859	 3.205619	 -1.900851	 -0.930714	 -0.302619
 -4.313615	 7.310929	 3.205316	 -1.900623	 -0.931101	 -0.302789
 -4.315516	 7.309997	 3.205013	 -1.900395	 -0.931487	 -0.302958
 -4.317416	 7.309066	 3.204710	 -1.900167	 -0.931873	 -0.303127
 -4.319316	 7.308134	 3.204407	 -1.899939	 -0.932260	 -0.303297
 -4.321216	 7.307202	 3.204104	 -1.899711	 -0.932646	 -0.303466
 -4.323116	 7.306269	 3.203800	 -1.899482	 -0.933032	 -0.303635
 -4.325015	 7.305336	 3.203497	 -1.899254	 -0.933418	 -0.303805
 -4.326915	 7.304403	 3.203193	 -1.899025	 -0.933804	 -0.303974
 -4.328814	 7.303469	 3.202889	 -1.898797	 -0.934190	 -0.304143
 -4.330713	 7.302535	 3.202585	 -1.898568	 -0.934576	 -0.304312
 -4.332611	 7.301600	 3.202281	 -1.898339	 -0.934962	 -0.304482
 -4.334509	 7.300665	 3.201976	 -1.898110	 -0.935348	 -0.304651
 -4.336408	 7.299730	 3.201671	 -1.897881	 -0.935733	 -0.304820
 -4.338305	 7.298794	 3.201367	 -1.897652	 -0.936119	 -0.304989
 -4.340203	 7.297858	 3.201062	 -1.897423	 -0.936505	 -0.305158
 -4.342101	 7.296922	 3.200756	 -1.897194	 -0.936890	 -0.305327
 -4.343998	 7.295985	 3.200451	 -1.896964	 -0.937276	 -0.305497
 -4.345895	 7.295047	 3.200146	 -1.896735	 -0.937661	 -0.305666
 -4.347791	 7.294110	 3.199840	 -1.896505	 -0.938047	 -0.305835
 -4.349688	 7.293172	 3.199534	 -1.896275	 -0.938432	 -0.306004
 -4.351584	 7.292233	 3.199228	 -1.896046	 -0.938817	 -0.306173
 -4.353480	 7.291294	 3.198922	 -1.895816	 -0.939203	 -0.306342
 -4.355376	 7.290355	 3.198616	 -1.895586	 -0.939588	 -0.306511
 -4.357272	 7.289416	 3.198309	 -1.895356	 -0.939973	 -0.306680
 -4.359167	 7.288476	 3.198002	 -1.895126	 -0.940358	 -0.306849
 -4.361062	 7.287535	 3.197696	 -1.894895	 -0.940743	 -0.307018
 -4.362957	 7.286595	 3.197389	 -1.894665	 -0.941128	 -0.307187
 -4.364852	 7.285653	 3.197081	 -1.894434	 -0.941513	 -0.307355
 -4.366746	 7.284712	 3.196774	 -1.894204	 -0.941898	 -0.307524
 -4.368640	 7.283770	 3.196466	 -1.893973	 -0.942282	 -0.307693
 -4.370534	 7.282828	 3.196159	 -1.893742	 -0.942667	 -0.307862
 -4.372428	 7.281885	 3.195851	 -1.893512	 -0.943052	 -0.308031
 -4.374322	 7.280942	 3.195543	 -1.893281	 -0.943437	 -0.308200
 -4.376215	 7.279999	 3.195235	 -1.893050	 -0.943821	 -0.308368
 -4.378108	 7.279055	 3.194926	 -1.892818	 -0.944206	 -0.308537
 -4.380001	 7.278111	 3.194618	 -1.892587	 -0.944590	 -0.308706
 -4.381893	 7.277166	 3.194309	 -1.892356	 -0.944974	 -0.308875
 -4.383786	 7.276221	 3.194000	 -1.892124	 -0.945359	 -0.309043
 -4.385678	 7.275276	 3.193691	 -1.891893	 -0.945743	 -0.309212
 -4.387570	 7.274330	 3.193382	 -1.891661	 -0.946127	 -0.309381
 -4.389461	 7.273384	 3.193073	 -1.891430	 -0.946512	 -0.309549
 -4.391353	 7.272437	 3.192763	 -1.891198	 -0.946896	 -0.309718
 -4.393244	 7.271490	 3.192453	 -1.890966	 -0.947280	 -0.309887
 -4.395135	 7.270543	 3.192143	 -1.890734	 -0.947664	 -0.310055
 -4.397026	 7.269595	 3.191833	 -1.890502	 -0.948048	 -0.310224
 -4.398916	 7.268647	 3.191523	 -1.890269	 -0.948432	 -0.310392
 -4.400806	 7.267699	 3.191213	 -1.890037	 -0.948815	 -0.310561
 -4.402696	 7.266750	 3.190902	 -1.889805	 -0.949199	 -0.310729
 -4.404586	 7.265801	 3.190591	 -1.889572	 -0.949583	 -0.310898
 -4.406476	 7.264851	 3.190281	 -1.889340	 -0.949967	 -0.311066
 -4.408365	 7.263901	 3.189969	 -1.889107	 -0.950350	 -0.311235
 -4.410254	 7.262951	 3.189658	 -1.888874	 -0.950734	 -0.311403
 -4.412143	 7.262000	 3.189347	 -1.888641	 -0.951117	 -0.311572
 -4.414032	 7.261049	 3.189035	 -1.888408	 -0.951501	 -0.311740
 -4.415920	 7.260098	 3.188724	 -1.888175	 -0.951884	 -0.311909
 -4.417808	 7.259146	 3.188412	 -1.887942	 -0.952268	 -0.312077
 -4.419696	 7.258193	 3.188100	 -1.887709	 -0.952651	 -0.312245
 -4.421584	 7.257241	 3.187787	 -1.887476	 -0.953034	 -0.312414
 -4.423472	 7.256288	 3.187475	 -1.887242	 -0.953417	 -0.312582
 -4.425359	 7.255334	 3.187162	 -1.887009	 -0.953800	 -0.312750
 -4.427246	 7.254381	 3.186850	 -1.886775	 -0.954183	 -0.312918
 -4.429133	 7.253426	 3.186537	 -1.886541	 -0.954566	 -0.313087
 -4.431019	 7.252472	 3.186224	 -1.886307	 -0.954949	 -0.313255
 -4.432905	 7.251517	 3.185910	 -1.886073	 -0.955332	 -0.313423
 -4.434791	 7.250562	 3.185597	 -1.885839	 -0.955715	 -0.313591
 -4.436677	 7.249606	 3.185283	 -1.885605	 -0.956098	 -0.313760
 -4.438563	 7.248650	 3.184970	 -1.885371	 -0.956481	 -0.313928
 -4.440448	 7.247693	 3.184656	 -1.885137	 -0.956863	 -0.314096
 -4.442333	 7.246736	 3.184342	 -1.884902	 -0.957246	 -0.314264
 -4.444218	 7.245779	 3.184027	 -1.884668	 -0.957628	 -0.314432
 -4.446103	 7.244822	 3.183713	 -1.884433	 -0.958011	 -0.314600
 -4.447987	 7.243864	 3.183398	 -1.884198	 -0.958393	 -0.314768
 -4.449872	 7.242905	 3.183083	 -1.883964	 -0.958776	 -0.314936
 -4.451756	 7.241946	 3.182769	 -1.883729	 -0.959158	 -0.315104
 -4.453639	 7.240987	 3.182453	 -1.883494	 -0.959540	 -0.315272
 -4.455523	 7.240028	 3.182138	 -1.883259	 -0.959922	 -0.315440
 -4.457406	 7.239068	 3.181823	 -1.883024	 -0.960305	 -0.315608
 -4.459289	 7.238107	 3.181507	 -1.882788	 -0.960687	 -0.315776
 -4.461172	 7.237147	 3.181191	 -1.882553	 -0.961069	 -0.315944
 -4.463054	 7.236186	 3.180875	 -1.882317	 -0.961451	 -0.316112
 -4.464937	 7.235224	 3.180559	 -1.882082	 -0.961833	 -0.316280
 -4.466819	 7.234262	 3.180243	 -1.881846	 -0.962215	 -0.316448
 -4.468701	 7.233300	 3.179927	 -1.881610	 -0.962596	 -0.316616
 -4.470582	 7.232338	 3.179610	 -1.881375	 -0.962978	 -0.316783
 -4.472464	 7.231375	 3.179293	 -1.881139	 -0.963360	 -0.316951
 -4.474345	 7.230411	 3.178976	 -1.880903	 -0.963741	 -0.317119
 -4.476226	 7.229447	 3.178659	 -1.880667	 -0.964123	 -0.317287
 -4.478106	 7.228483	 3.178342	 -1.880430	 -0.964505	 -0.317455
 -4.479987	 7.227519	 3.178024	 -1.880194	 -0.964886	 -0.317622
 -4.481867	 7.226554	 3.177707	 -1.879958	 -0.965267	 -0.317790
 -4.483747	 7.225589	 3.177389	 -1.879721	 -0.965649	 -0.317958
 -4.485627	 7.224623	 3.177071	 -1.879484	 -0.966030	 -0.318125
 -4.487506	 7.223657	 3.176753	 -1.879248	 -0.966411	 -0.318293
 -4.489385	 7.222691	 3.176435	 -1.879011	 -0.966792	 -0.318461
 -4.491264	 7.221724	 3.176116	 -1.878774	 -0.967174	 -0.318628
 -4.493143	 7.220757	 3.175797	 -1.878537	 -0.967555	 -0.318796
 -4.495022	 7.219789	 3.175479	 -1.878300	 -0.967936	 -0.318963
 -4.496900	 7.218821	 3.175160	 -1.878063	 -0.968317	 -0.319131
 -4.498778	 7.217853	 3.174841	 -1.877826	 -0.968698	 -0.319298
 -4.500656	 7.216884	 3.174521	 -1.877588	 -0.969078	 -0.319466
 -4.502533	 7.215915	 3.174202	 -1.877351	 -0.969459	 -0.319634
 -4.504411	 7.214946	 3.173882	 -1.877113	 -0.969840	 -0.319801
 -4.506288	 7.213976	 3.173562	 -1.876875	 -0.970221	 -0.319968
 -4.508165	 7.213006	 3.173242	 -1.876638	 -0.970601	 -0.320136
 -4.510041	 7.212035	 3.172922	 -1.876400	 -0.970982	 -0.320303
 -4.511918	 7.211064	 3.172602	 -1.876162	 -0.971362	 -0.320471
 -4.513794	 7.210093	 3.172281	 -1.875924	 -0.971743	 -0.320638
 -4.515670	 7.209121	 3.171961	 -1.875686	 -0.972123	 -0.320805
 -4.517546	 7.208149	 3.171640	 -1.875448	 -0.972503	 -0.320973
 -4.519421	 7.207176	 3.171319	 -1.875209	 -0.972884	 -0.321140
 -4.521296	 7.206203	 3.170998	 -1.874971	 -0.973264	 -0.321307
 -4.523171	 7.205230	 3.170677	 -1.874732	 -0.973644	 -0.321475
 -4.525046	 7.204256	 3.170355	 -1.874494	 -0.974024	 -0.321642
 -4.526920	 7.203282	 3.170033	 -1.874255	 -0.974404	 -0.321809
 -4.528795	 7.202308	 3.169712	 -1.874016	 -0.974784	 -0.321976
 -4.530669	 7.201333	 3.169390	 -1.873777	 -0.975164	 -0.322144
 -4.532543	 7.200358	 3.169068	 -1.873538	 -0.975544	 -0.322311
 -4.534416	 7.199383	 3.168745	 -1.873299	 -0.975924	 -0.322478
 -4.536289	 7.198407	 3.168423	 -1.873060	 -0.976303	 -0.322645
 -4.538162	 7.197430	 3.168100	 -1.872821	 -0.976683	 -0.322812
 -4.540035	 7.196454	 3.167777	 -1.872581	 -0.977063	 -0.322979
 -4.541908	 7.195477	 3.167454	 -1.872342	 -0.977442	 -0.323146
 -4.543780	 7.194499	 3.167131	 -1.872102	 -0.977822	 -0.323313
 -4.545652	 7.193521	 3.166808	 -1.871863	 -0.978201	 -0.323481
 -4.547524	 7.192543	 3.166484	 -1.871623	 -0.978581	 -0.323648
 -4.549396	 7.191564	 3.166161	 -1.871383	 -0.978960	 -0.323815
 -4.551267	 7.190586	 3.165837	 -1.871143	 -0.979339	 -0.323982
 -4.553138	 7.189606	 3.165513	 -1.870903	 -0.979719	 -0.324148
 -4.555009	 7.188626	 3.165189	 -1.870663	 -0.980098	 -0.324315
 -4.556880	 7.187646	 3.164864	 -1.870423	 -0.980477	 -0.324482
 -4.558750	 7.186666	 3.164540	 -1.870182	 -0.980856	 -0.324649
 -4.560620	 7.185685	 3.164215	 -1.869942	 -0.981235	 -0.324816
 -4.562490	 7.184704	 3.163891	 -1.869702	 -0.981614	 -0.324983
 -4.564360	 7.183722	 3.163566	 -1.869461	 -0.981993	 -0.325150
 -4.566230	 7.182740	 3.163240	 -1.869220	 -0.982372	 -0.325317
 -4.568099	 7.181758	 3.162915	 -1.868979	 -0.982750	 -0.325483
 -4.569968	 7.180775	 3.162590	 -1.868739	 -0.983129	 -0.325650
 -4.571837	 7.179792	 3.162264	 -1.868498	 -0.983508	 -0.325817
 -4.573705	 7.178808	 3.161938	 -1.868257	 -0.983886	 -0.325984
 -4.575573	 7.177825	 3.161612	 -1.868015	 -0.984265	 -0.326151
 -4.577441	 7.176840	 3.161286	 -1.867774	 -0.984643	 -0.326317
 -4.579309	 7.175856	 3.160960	 -1.867533	 -0.985022	 -0.326484
 -4.581177	 7.174871	 3.160633	 -1.867291	 -0.985400	 -0.326651
 -4.583044	 7.173885	 3.160307	 -1.867050	 -0.985778	 -0.326817
 -4.584911	 7.172899	 3.159980	 -1.866808	 -0.986157	 -0.326984
 -4.586778	 7.171913	 3.159653	 -1.866566	 -0.986535	 -0.327150
 -4.588644	 7.170927	 3.159326	 -1.866325	 -0.986913	 -0.327317
 -4.590511	 7.169940	 3.158998	 -1.866083	 -0.987291	 -0.327484
 -4.592377	 7.168953	 3.158671	 -1.865841	 -0.987669	 -0.327650
 -4.594243	 7.167965	 3.158343	 -1.865598	 -0.988047	 -0.327817
 -4.596108	 7.166977	 3.158015	 -1.865356	 -0.988425	 -0.327983
 -4.597974	 7.165988	 3.157687	 -1.865114	 -0.988803	 -0.328150
 -4.599839	 7.165000	 3.157359	 -1.864872	 -0.989180	 -0.328316
 -4.601703	 7.164010	 3.157031	 -1.864629	 -0.989558	 -0.328483
 -4.603568	 7.163021	 3.156702	 -1.864386	 -0.989936	 -0.328649
 -4.605433	 7.162031	 3.156374	 -1.864144	 -0.990313	 -0.328815
 -4.607297	 7.161041	 3.156045	 -1.863901	 -0.990691	 -0.328982
 -4.609161	 7.160050	 3.155716	 -1.863658	 -0.991068	 -0.329148
 -4.611024	 7.159059	 3.155387	 -1.863415	 -0.991446	 -0.329315
 -4.612888	 7.158067	 3.155057	 -1.863172	 -0.991823	 -0.329481
 -4.614751	 7.157076	 3.154728	 -1.862929	 -0.992201	 -0.329647
 -4.616614	 7.156083	 3.154398	 -1.862686	 -0.992578	 -0.329813
 -4.618476	 7.155091	 3.154069	 -1.862442	 -0.992955	 -0.329980
 -4.620339	 7.154098	 3.153739	 -1.862199	 -0.993332	 -0.330146
 -4.622201	 7.153105	 3.153408	 -1.861955	 -0.993709	 -0.330312
 -4.624063	 7.152111	 3.153078	 -1.861712	 -0.994086	 -0.330478
 -4.625925	 7.151117	 3.152748	 -1.861468	 -0.994463	 -0.330645
 -4.627786	 7.150122	 3.152417	 -1.861224	 -0.994840	 -0.330811
 -4.629647	 7.149127	 3.152086	 -1.860980	 -0.995217	 -0.330977
 -4.631508	 7.148132	 3.151755	 -1.860736	 -0.995594	 -0.331143
 -4.633369	 7.147137	 3.151424	 -1.860492	 -0.995970	 -0.331309
 -4.635230	 7.146141	 3.151093	 -1.860248	 -0.996347	 -0.331475
 -4.637090	 7.145144	 3.150761	 -1.860004	 -0.996724	 -0.331641
 -4.638950	 7.144148	 3.150430	 -1.859760	 -0.997100	 -0.331807
 -4.640810	 7.143150	 3.150098	 -1.859515	 -0.997477	 -0.331973
 -4.642669	 7.142153	 3.149766	 -1.859270	 -0.997853	 -0.332139
 -4.644528	 7.141155	 3.149434	 -1.859026	 -0.998230	 -0.332305
 -4.646387	 7.140157	 3.149101	 -1.858781	 -0.998606	 -0.332471
 -4.648246	 7.139158	 3.148769	 -1.858536	 -0.998982	 -0.332637
 -4.650105	 7.138159	 3.148436	 -1.858291	 -0.999358	 -0.332803
 -4.651963	 7.137160	 3.148104	 -1.858046	 -0.999734	 -0.332969
 -4.653821	 7.136160	 3.147771	 -1.857801	 -1.000110	 -0.333135
 -4.655679	 7.135160	 3.147437	 -1.857556	 -1.000486	 -0.333301
 -4.657536	 7.134160	 3.147104	 -1.857311	 -1.000862	 -0.333467
 -4.659394	 7.133159	 3.146771	 -1.857065	 -1.001238	 -0.333632
 -4.661251	 7.132158	 3.146437	 -1.856820	 -1.001614	 -0.333798
 -4.663108	 7.131156	 3.146103	 -1.856574	 -1.001990	 -0.333964
 -4.664964	 7.130154	 3.145769	 -1.856328	 -1.002366	 -0.334130
 -4.666821	 7.129152	 3.145435	 -1.856083	 -1.002741	 -0.334296
 -4.668677	 7.128149	 3.145101	 -1.855837	 -1.003117	 -0.334461
 -4.670532	 7.127146	 3.144766	 -1.855591	 -1.003492	 -0.334627
 -4.672388	 7.126142	 3.144432	 -1.855345	 -1.003868	 -0.334793
 -4.674243	 7.125138	 3.144097	 -1.855099	 -1.004243	 -0.334958
 -4.676099	 7.124134	 3.143762	 -1.854852	 -1.004619	 -0.335124
 -4.677953	 7.123129	 3.143427	 -1.854606	 -1.004994	 -0.335290
 -4.679808	 7.122124	 3.143092	 -1.854360	 -1.005369	 -0.335455
 -4.681662	 7.121119	 3.142756	 -1.854113	 -1.005744	 -0.335621
 -4.683516	 7.120113	 3.142420	 -1.853866	 -1.006120	 -0.335786
 -4.685370	 7.119107	 3.142085	 -1.853620	 -1.006495	 -0.335952
 -4.687224	 7.118101	 3.141749	 -1.853373	 -1.006870	 -0.336117
 -4.689077	 7.117094	 3.141413	 -1.853126	 -1.007245	 -0.336283
 -4.690930	 7.116087	 3.141076	 -1.852879	 -1.007620	 -0.336448
 -4.692783	 7.115079	 3.140740	 -1.852632	 -1.007994	 -0.336614
 -4.694636	 7.114071	 3.140403	 -1.852385	 -1.008369	 -0.336779
 -4.696488	 7.113063	 3.140067	 -1.852137	 -1.008744	 -0.336945
 -4.698340	 7.112054	 3.139730	 -1.851890	 -1.009118	 -0.337110
 -4.700192	 7.111045	 3.139392	 -1.851643	 -1.009493	 -0.337275
 -4.702044	 7.110035	 3.139055	 -1.851395	 -1.009868	 -0.337441
 -4.703895	 7.109025	 3.138718	 -1.851147	 -1.010242	 -0.337606
 -4.705747	 7.108015	 3.138380	 -1.850900	 -1.010616	 -0.337771
 -4.707597	 7.107005	 3.138042	 -1.850652	 -1.010991	 -0.337937
 -4.709448	 7.105994	 3.137704	 -1.850404	 -1.011365	 -0.338102
 -4.711298	 7.104982	 3.137366	 -1.850156	 -1.011739	 -0.338267
 -4.713149	 7.103970	 3.137028	 -1.849908	 -1.012114	 -0.338432
 -4.714999	 7.102958	 3.136690	 -1.849660	 -1.012488	 -0.338598
 -4.716848	 7.101946	 3.136351	 -1.849411	 -1.012862	 -0.338763
 -4.718698	 7.100933	 3.136012	 -1.849163	 -1.013236	 -0.338928
 -4.720547	 7.099920	 3.135673	 -1.848914	 -1.013610	 -0.339093
 -4.722396	 7.098906	 3.135334	 -1.848666	 -1.013984	 -0.339258
 -4.724244	 7.097892	 3.134995	 -1.848417	 -1.014357	 -0.339423
 -4.726093	 7.096878	 3.134656	 -1.848168	 -1.014731	 -0.339588
 -4.727941	 7.095863	 3.134316	 -1.847920	 -1.015105	 -0.339753
 -4.729789	 7.094848	 3.133976	 -1.847671	 -1.015478	 -0.339918
 -4.731637	 7.093833	 3.133636	 -1.847422	 -1.015852	 -0.340083
 -4.733484	 7.092817	 3.133296	 -1.847172	 -1.016226	 -0.340248
 -4.735331	 7.091800	 3.132956	 -1.846923	 -1.016599	 -0.340413
 -4.737178	 7.090784	 3.132616	 -1.846674	 -1.016972	 -0.340578
 -4.739025	 7.089767	 3.132275	 -1.846424	 -1.017346	 -0.340743
 -4.740871	 7.088750	 3.131934	 -1.846175	 -1.017719	 -0.340908
 -4.742717	 7.087732	 3.131593	 -1.845925	 -1.018092	 -0.341073
 -4.744563	 7.086714	 3.131252	 -1.845676	 -1.018465	 -0.341238
 -4.746409	 7.085695	 3.130911	 -1.845426	 -1.018838	 -0.341403
 -4.748254	 7.084676	 3.130570	 -1.845176	 -1.019212	 -0.341568
 -4.750100	 7.083657	 3.130228	 -1.844926	 -1.019584	 -0.341732
 -4.751944	 7.082638	 3.129886	 -1.844676	 -1.019957	 -0.341897
 -4.753789	 7.081618	 3.129544	 -1.844426	 -1.020330	 -0.342062
 -4.755634	 7.080597	 3.129202	 -1.844175	 -1.020703	 -0.342227
 -4.757478	 7.079577	 3.128860	 -1.843925	 -1.021076	 -0.342392
 -4.759322	 7.078556	 3.128518	 -1.843675	 -1.021448	 -0.342556
 -4.761165	 7.077534	 3.128175	 -1.843424	 -1.021821	 -0.342721
 -4.763009	 7.076512	 3.127832	 -1.843174	 -1.022194	 -0.342886
 -4.764852	 7.075490	 3.127490	 -1.842923	 -1.022566	 -0.343050
 -4.766695	 7.074468	 3.127147	 -1.842672	 -1.022939	 -0.343215
 -4.768538	 7.073445	 3.126803	 -1.842421	 -1.023311	 -0.343379
 -4.770380	 7.072421	 3.126460	 -1.842170	 -1.023683	 -0.343544
 -4.772222	 7.071398	 3.126116	 -1.841919	 -1.024056	 -0.343709
 -4.774064	 7.070374	 3.125773	 -1.841668	 -1.024428	 -0.343873
 -4.775906	 7.069349	 3.125429	 -1.841417	 -1.024800	 -0.344038
 -4.777747	 7.068324	 3.125085	 -1.841165	 -1.025172	 -0.344202
 -4.779588	 7.067299	 3.124741	 -1.840914	 -1.025544	 -0.344367
 -4.781429	 7.066274	 3.124396	 -1.840662	 -1.025916	 -0.344531
 -4.783270	 7.065248	 3.124052	 -1.840411	 -1.026288	 -0.344696
 -4.785110	 7.064221	 3.123707	 -1.840159	 -1.026660	 -0.344860
 -4.786950	 7.063195	 3.123362	 -1.839907	 -1.027031	 -0.345024
 -4.788790	 7.062168	 3.123017	 -1.839655	 -1.027403	 -0.345189
 -4.790630	 7.061140	 3.122672	 -1.839403	 -1.027775	 -0.345353
 -4.792469	 7.060113	 3.122327	 -1.839151	 -1.028146	 -0.345517
 -4.794309	 7.059084	 3.121981	 -1.838899	 -1.028518	 -0.345682
 -4.796147	 7.058056	 3.121635	 -1.838646	 -1.028889	 -0.345846
 -4.797986	 7.057027	 3.121289	 -1.838394	 -1.029261	 -0.346010
 -4.799825	 7.055998	 3.120943	 -1.838142	 -1.029632	 -0.346174
 -4.801663	 7.054968	 3.120597	 -1.837889	 -1.030003	 -0.346339
 -4.803501	 7.053938	 3.120251	 -1.837636	 -1.030375	 -0.346503
 -4.805338	 7.052908	 3.119904	 -1.837384	 -1.030746	 -0.346667
 -4.807176	 7.051877	 3.119558	 -1.837131	 -1.031117	 -0.346831
 -4.809013	 7.050846	 3.119211	 -1.836878	 -1.031488	 -0.346995
 -4.810850	 7.049814	 3.118864	 -1.836625	 -1.031859	 -0.347160
 -4.812686	 7.048782	 3.118517	 -1.836372	 -1.032230	 -0.347324
 -4.814523	 7.047750	 3.118169	 -1.836118	 -1.032601	 -0.347488
 -4.816359	 7.046718	 3.117822	 -1.835865	 -1.032972	 -0.347652
 -4.818195	 7.045685	 3.117474	 -1.835612	 -1.033342	 -0.347816
 -4.820030	 7.044651	 3.117127	 -1.835358	 -1.033713	 -0.347980
 -4.821866	 7.043618	 3.116779	 -1.835105	 -1.034084	 -0.348144
 -4.823701	 7.042584	 3.116430	 -1.834851	 -1.034454	 -0.348308
 -4.825535	 7.041549	 3.116082	 -1.834597	 -1.034825	 -0.348472
 -4.827370	 7.040514	 3.115734	 -1.834343	 -1.035195	 -0.348636
 -4.829204	 7.039479	 3.115385	 -1.834089	 -1.035565	 -0.348800
 -4.831039	 7.038444	 3.115036	 -1.833835	 -1.035936	 -0.348963
 -4.832872	 7.037408	 3.114687	 -1.833581	 -1.036306	 -0.349127
 -4.834706	 7.036371	 3.114338	 -1.833327	 -1.036676	 -0.349291
 -4.836539	 7.035335	 3.113989	 -1.833073	 -1.037046	 -0.349455
 -4.838372	 7.034298	 3.113639	 -1.832818	 -1.037416	 -0.349619
 -4.840205	 7.033260	 3.113290	 -1.832564	 -1.037786	 -0.349783
 -4.842038	 7.032222	 3.112940	 -1.832309	 -1.038156	 -0.349946
 -4.843870	 7.031184	 3.112590	 -1.832055	 -1.038526	 -0.350110
 -4.845702	 7.030146	 3.112240	 -1.831800	 -1.038896	 -0.350274
 -4.847534	 7.029107	 3.111890	 -1.831545	 -1.039266	 -0.350437
 -4.849365	 7.028067	 3.111539	 -1.831290	 -1.039636	 -0.350601
 -4.851197	 7.027028	 3.111189	 -1.831035	 -1.040005	 -0.350765
 -4.853028	 7.025988	 3.110838	 -1.830780	 -1.040375	 -0.350928
 -4.854859	 7.024947	 3.110487	 -1.830524	 -1.040744	 -0.351092
 -4.856689	 7.023907	 3.110136	 -1.830269	 -1.041114	 -0.351256
 -4.858519	 7.022866	 3.109785	 -1.830014	 -1.041483	 -0.351419
 -4.860349	 7.021824	 3.109433	 -1.829758	 -1.041852	 -0.351583
 -4.862179	 7.020782	 3.109082	 -1.829503	 -1.042222	 -0.351746
 -4.864009	 7.019740	 3.108730	 -1.829247	 -1.042591	 -0.351910
 -4.865838	 7.018697	 3.108378	 -1.828991	 -1.042960	 -0.352073
 -4.867667	 7.017655	 3.108026	 -1.828735	 -1.043329	 -0.352237
 -4.869496	 7.016611	 3.107674	 -1.828479	 -1.043698	 -0.352400
 -4.871324	 7.015567	 3.107321	 -1.828223	 -1.044067	 -0.352564
 -4.873152	 7.014523	 3.106969	 -1.827967	 -1.044436	 -0.352727
 -4.874980	 7.013479	 3.106616	 -1.827711	 -1.044805	 -0.352890
 -4.876808	 7.012434	 3.106263	 -1.827454	 -1.045174	 -0.353054
 -4.878635	 7.011389	 3.105910	 -1.827198	 -1.045542	 -0.353217
 -4.880463	 7.010343	 3.105557	 -1.826942	 -1.045911	 -0.353380
 -4.882290	 7.009298	 3.105203	 -1.826685	 -1.046280	 -0.353544
 -4.884116	 7.008251	 3.104850	 -1.826428	 -1.046648	 -0.353707
 -4.885943	 7.007205	 3.104496	 -1.826171	 -1.047017	 -0.353870
 -4.887769	 7.006158	 3.104142	 -1.825915	 -1.047385	 -0.354033
 -4.889595	 7.005110	 3.103788	 -1.825658	 -1.047754	 -0.354197
 -4.891420	 7.004062	 3.103434	 -1.825400	 -1.048122	 -0.354360
 -4.893246	 7.003014	 3.103080	 -1.825143	 -1.048490	 -0.354523
 -4.895071	 7.001966	 3.102725	 -1.824886	 -1.048858	 -0.354686
 -4.896896	 7.000917	 3.102370	 -1.824629	 -1.049226	 -0.354849
 -4.898720	 6.999868	 3.102016	 -1.824371	 -1.049594	 -0.355012
 -4.900545	 6.998818	 3.101661	 -1.824114	 -1.049962	 -0.355175
 -4.902369	 6.997768	 3.101305	 -1.823856	 -1.050330	 -0.355338
 -4.904193	 6.996718	 3.100950	 -1.823598	 -1.050698	 -0.355501
 -4.906016	 6.995667	 3.100595	 -1.823341	 -1.051066	 -0.355664
 -4.907840	 6.994616	 3.100239	 -1.823083	 -1.051434	 -0.355827
 -4.909663	 6.993565	 3.099883	 -1.822825	 -1.051801	 -0.355990
 -4.911486	 6.992513	 3.099527	 -1.822567	 -1.052169	 -0.356153
 -4.913308	 6.991461	 3.099171	 -1.822309	 -1.052537	 -0.356316
 -4.915131	 6.990408	 3.098815	 -1.822050	 -1.052904	 -0.356479
 -4.916953	 6.989355	 3.098458	 -1.821792	 -1.053271	 -0.356642
 -4.918774	 6.988302	 3.098101	 -1.821533	 -1.053639	 -0.356805
 -4.920596	 6.987248	 3.097745	 -1.821275	 -1.054006	 -0.356968
 -4.922417	 6.986194	 3.097388	 -1.821016	 -1.054373	 -0.357130
 -4.924238	 6.985140	 3.097031	 -1.820758	 -1.054741	 -0.357293
 -4.926059	 6.984085	 3.096673	 -1.820499	 -1.055108	 -0.357456
 -4.927879	 6.983030	 3.096316	 -1.820240	 -1.055475	 -0.357619
 -4.929700	 6.981975	 3.095958	 -1.819981	 -1.055842	 -0.357782
 -4.931520	 6.980919	 3.095600	 -1.819722	 -1.056209	 -0.357944
 -4.933339	 6.979863	 3.095242	 -1.819463	 -1.056576	 -0.358107
 -4.935159	 6.978806	 3.094884	 -1.819203	 -1.056942	 -0.358270
 -4.936978	 6.977749	 3.094526	 -1.818944	 -1.057309	 -0.358432
 -4.938797	 6.976692	 3.094168	 -1.818685	 -1.057676	 -0.358595
 -4.940616	 6.975634	 3.093809	 -1.818425	 -1.058042	 -0.358757
 -4.942434	 6.974576	 3.093450	 -1.818165	 -1.058409	 -0.358920
 -4.944252	 6.973518	 3.093091	 -1.817906	 -1.058775	 -0.359083
 -4.946070	 6.972459	 3.092732	 -1.817646	 -1.059142	 -0.359245
 -4.947888	 6.971400	 3.092373	 -1.817386	 -1.059508	 -0.359408
 -4.949705	 6.970340	 3.092014	 -1.817126	 -1.059875	 -0.359570
 -4.951522	 6.969280	 3.091654	 -1.816866	 -1.060241	 -0.359733
 -4.953339	 6.968220	 3.091294	 -1.816606	 -1.060607	 -0.359895
 -4.955156	 6.967160	 3.090934	 -1.816346	 -1.060973	 -0.360057
 -4.956972	 6.966099	 3.090574	 -1.816085	 -1.061339	 -0.360220
 -4.958788	 6.965037	 3.090214	 -1.815825	 -1.061705	 -0.360382
 -4.960604	 6.963975	 3.089854	 -1.815564	 -1.062071	 -0.360545
 -4.962420	 6.962913	 3.089493	 -1.815304	 -1.062437	 -0.360707
 -4.964235	 6.961851	 3.089133	 -1.815043	 -1.062803	 -0.360869
 -4.966050	 6.960788	 3.088772	 -1.814782	 -1.063169	 -0.361032
 -4.967865	 6.959725	 3.088411	 -1.814521	 -1.063534	 -0.361194
 -4.969679	 6.958661	 3.088049	 -1.814260	 -1.063900	 -0.361356
 -4.971494	 6.957598	 3.087688	 -1.813999	 -1.064265	 -0.361518
 -4.973308	 6.956533	 3.087327	 -1.813738	 -1.064631	 -0.361680
 -4.975121	 6.955469	 3.086965	 -1.813477	 -1.064996	 -0.361843
 -4.976935	 6.954404	 3.086603	 -1.813215	 -1.065362	 -0.362005
 -4.978748	 6.953338	 3.086241	 -1.812954	 -1.065727	 -0.362167
 -4.980561	 6.952273	 3.085879	 -1.812692	 -1.066092	 -0.362329
 -4.982374	 6.951206	 3.085517	 -1.812431	 -1.066457	 -0.362491
 -4.984186	 6.950140	 3.085154	 -1.812169	 -1.066823	 -0.362653
 -4.985998	 6.949073	 3.084791	 -1.811907	 -1.067188	 -0.362815
 -4.987810	 6.948006	 3.084429	 -1.811645	 -1.067553	 -0.362977
 -4.989622	 6.946938	 3.084066	 -1.811383	 -1.067918	 -0.363139
 -4.991433	 6.945871	 3.083702	 -1.811121	 -1.068282	 -0.363301
 -4.993244	 6.944802	 3.083339	 -1.810859	 -1.068647	 -0.363463
 -4.995055	 6.943734	 3.082976	 -1.810597	 -1.069012	 -0.363625
 -4.996866	 6.942665	 3.082612	 -1.810335	 -1.069377	 -0.363787
 -4.998676	 6.941595	 3.082248	 -1.810072	 -1.069741	 -0.363949
 -5.000486	 6.940526	 3.081884	 -1.809810	 -1.070106	 -0.364111
 -5.002296	 6.939455	 3.081520	 -1.809547	 -1.070470	 -0.364273
 -5.004105	 6.938385	 3.081156	 -1.809284	 -1.070835	 -0.364435
 -5.005915	 6.937314	 3.080792	 -1.809022	 -1.071199	 -0.364596
 -5.007724	 6.936243	 3.080427	 -1.808759	 -1.071563	 -0.364758
 -5.009533	 6.935171	 3.080062	 -1.808496	 -1.071928	 -0.364920
 -5.011341	 6.934099	 3.079697	 -1.808233	 -1.072292	 -0.365082
 -5.013149	 6.933027	 3.079332	 -1.807970	 -1.072656	 -0.365243
 -5.014957	 6.931954	 3.078967	 -1.807706	 -1.073020	 -0.365405
 -5.016765	 6.930881	 3.078602	 -1.807443	 -1.073384	 -0.365567
 -5.018572	 6.929808	 3.078236	 -1.807180	 -1.073748	 -0.365728
 -5.020380	 6.928734	 3.077870	 -1.806916	 -1.074112	 -0.365890
 -5.022186	 6.927660	 3.077504	 -1.806652	 -1.074476	 -0.366052
 -5.023993	 6.926586	 3.077138	 -1.806389	 -1.074839	 -0.366213
 -5.025800	 6.925511	 3.076772	 -1.806125	 -1.075203	 -0.366375
 -5.027606	 6.924436	 3.076406	 -1.805861	 -1.075567	 -0.366536
 -5.029412	 6.923360	 3.076039	 -1.805597	 -1.075930	 -0.366698
 -5.031217	 6.922284	 3.075672	 -1.805333	 -1.076294	 -0.366859
 -5.033022	 6.921208	 3.075306	 -1.805069	 -1.076657	 -0.367021
 -5.034828	 6.920131	 3.074939	 -1.804805	 -1.077021	 -0.367182
 -5.036632	 6.919054	 3.074571	 -1.804540	 -1.077384	 -0.367344
 -5.038437	 6.917977	 3.074204	 -1.804276	 -1.077747	 -0.367505
 -5.040241	 6.916899	 3.073837	 -1.804011	 -1.078110	 -0.367666
 -5.042045	 6.915821	 3.073469	 -1.803747	 -1.078473	 -0.367828
 -5.043849	 6.914742	 3.073101	 -1.803482	 -1.078836	 -0.367989
 -5.045652	 6.913664	 3.072733	 -1.803217	 -1.079199	 -0.368151
 -5.047456	 6.912584	 3.072365	 -1.802953	 -1.079562	 -0.368312
 -5.049259	 6.911505	 3.071997	 -1.802688	 -1.079925	 -0.368473
 -5.051061	 6.910425	 3.071628	 -1.802423	 -1.080288	 -0.368634
 -5.052864	 6.909345	 3.071260	 -1.802157	 -1.080651	 -0.368796
 -5.054666	 6.908264	 3.070891	 -1.801892	 -1.081013	 -0.368957
 -5.056468	 6.907183	 3.070522	 -1.801627	 -1.081376	 -0.369118
 -5.058269	 6.906102	 3.070153	 -1.801362	 -1.081738	 -0.369279
 -5.060071	 6.905020	 3.069783	 -1.801096	 -1.082101	 -0.369440
 -5.061872	 6.903938	 3.069414	 -1.800830	 -1.082463	 -0.369601
 -5.063673	 6.902855	 3.069044	 -1.800565	 -1.082826	 -0.369762
 -5.065473	 6.901773	 3.068675	 -1.800299	 -1.083188	 -0.369924
 -5.067273	 6.900689	 3.068305	 -1.800033	 -1.083550	 -0.370085
 -5.069074	 6.899606	 3.067935	 -1.799767	 -1.083912	 -0.370246
 -5.070873	 6.898522	 3.067564	 -1.799501	 -1.084274	 -0.370407
 -5.072673	 6.897438	 3.067194	 -1.799235	 -1.084636	 -0.370568
 -5.074472	 6.896353	 3.066823	 -1.798969	 -1.084998	 -0.370729
 -5.076271	 6.895268	 3.066453	 -1.798703	 -1.085360	 -0.370890
 -5.078070	 6.894183	 3.066082	 -1.798436	 -1.085722	 -0.371050
 -5.079868	 6.893097	 3.065711	 -1.798170	 -1.086084	 -0.371211
 -5.081666	 6.892011	 3.065339	 -1.797903	 -1.086446	 -0.371372
 -5.083464	 6.890924	 3.064968	 -1.797637	 -1.086807	 -0.371533
 -5.085262	 6.889838	 3.064597	 -1.797370	 -1.087169	 -0.371694
 -5.087059	 6.888750	 3.064225	 -1.797103	 -1.087530	 -0.371855
 -5.088856	 6.887663	 3.063853	 -1.796836	 -1.087892	 -0.372015
 -5.090653	 6.886575	 3.063481	 -1.796569	 -1.088253	 -0.372176
 -5.092450	 6.885487	 3.063109	 -1.796302	 -1.088615	 -0.372337
 -5.094246	 6.884398	 3.062736	 -1.796035	 -1.088976	 -0.372498
 -5.096042	 6.883309	 3.062364	 -1.795767	 -1.089337	 -0.372658
 -5.097838	 6.882220	 3.061991	 -1.795500	 -1.089698	 -0.372819
 -5.099633	 6.881130	 3.061618	 -1.795233	 -1.090059	 -0.372980
 -5.101429	 6.880040	 3.061246	 -1.794965	 -1.090420	 -0.373140
 -5.103224	 6.878950	 3.060872	 -1.794697	 -1.090781	 -0.373301
 -5.105018	 6.877859	 3.060499	 -1.794430	 -1.091142	 -0.373461
 -5.106813	 6.876768	 3.060126	 -1.794162	 -1.091503	 -0.373622
 -5.108607	 6.875676	 3.059752	 -1.793894	 -1.091864	 -0.373783
 -5.110401	 6.874584	 3.059378	 -1.793626	 -1.092224	 -0.373943
 -5.112194	 6.873492	 3.059004	 -1.793358	 -1.092585	 -0.374104
 -5.113988	 6.872399	 3.058630	 -1.793090	 -1.092946	 -0.374264
 -5.115781	 6.871307	 3.058256	 -1.792821	 -1.093306	 -0.374424
 -5.117574	 6.870213	 3.057881	 -1.792553	 -1.093666	 -0.374585
 -5.119366	 6.869120	 3.057507	 -1.792285	 -1.094027	 -0.374745
 -5.121158	 6.868026	 3.057132	 -1.792016	 -1.094387	 -0.374906
 -5.122950	 6.866931	 3.056757	 -1.791748	 -1.094747	 -0.375066
 -5.124742	 6.865836	 3.056382	 -1.791479	 -1.095108	 -0.375226
 -5.126534	 6.864741	 3.056007	 -1.791210	 -1.095468	 -0.375387
 -5.128325	 6.863646	 3.055632	 -1.790941	 -1.095828	 -0.375547
 -5.130116	 6.862550	 3.055256	 -1.790672	 -1.096188	 -0.375707
 -5.131907	 6.861454	 3.054880	 -1.790403	 -1.096548	 -0.375867
 -5.133697	 6.860357	 3.054504	 -1.790134	 -1.096908	 -0.376028
 -5.135487	 6.859260	 3.054128	 -1.789865	 -1.097267	 -0.376188
 -5.137277	 6.858163	 3.053752	 -1.789595	 -1.097627	 -0.376348
 -5.139067	 6.857065	 3.053376	 -1.789326	 -1.097987	 -0.376508
 -5.140856	 6.855967	 3.052999	 -1.789057	 -1.098346	 -0.376668
 -5.142645	 6.854869	 3.052623	 -1.788787	 -1.098706	 -0.376828
 -5.144434	 6.853770	 3.052246	 -1.788517	 -1.099065	 -0.376988
 -5.146222	 6.852671	 3.051869	 -1.788247	 -1.099425	 -0.377149
 -5.148010	 6.851572	 3.051492	 -1.787978	 -1.099784	 -0.377309
 -5.149798	 6.850472	 3.051114	 -1.787708	 -1.100143	 -0.377469
 -5.151586	 6.849372	 3.050737	 -1.787438	 -1.100503	 -0.377629
 -5.153374	 6.848271	 3.050359	 -1.787168	 -1.100862	 -0.377789
 -5.155161	 6.847171	 3.049982	 -1.786897	 -1.101221	 -0.377948
 -5.156948	 6.846069	 3.049604	 -1.786627	 -1.101580	 -0.378108
 -5.158734	 6.844968	 3.049225	 -1.786357	 -1.101939	 -0.378268
 -5.160521	 6.843866	 3.048847	 -1.786086	 -1.102298	 -0.378428
 -5.162307	 6.842764	 3.048469	 -1.785816	 -1.102656	 -0.378588
 -5.164093	 6.841661	 3.048090	 -1.785545	 -1.103015	 -0.378748
 -5.165878	 6.840558	 3.047711	 -1.785274	 -1.103374	 -0.378908
 -5.167663	 6.839455	 3.047333	 -1.785003	 -1.103733	 -0.379067
 -5.169448	 6.838351	 3.046953	 -1.784732	 -1.104091	 -0.379227
 -5.171233	 6.837247	 3.046574	 -1.784461	 -1.104450	 -0.379387
 -5.173018	 6.836142	 3.046195	 -1.784190	 -1.104808	 -0.379547
 -5.174802	 6.835037	 3.045815	 -1.783919	 -1.105166	 -0.379706
 -5.176586	 6.833932	 3.045436	 -1.783648	 -1.105525	 -0.379866
 -5.178369	 6.832827	 3.045056	 -1.783376	 -1.105883	 -0.380026
 -5.180153	 6.831721	 3.044676	 -1.783105	 -1.106241	 -0.380185
 -5.181936	 6.830615	 3.044296	 -1.782833	 -1.106599	 -0.380345
 -5.183719	 6.829508	 3.043915	 -1.782562	 -1.106957	 -0.380504
 -5.185501	 6.828401	 3.043535	 -1.782290	 -1.107315	 -0.380664
 -5.187283	 6.827294	 3.043154	 -1.782018	 -1.107673	 -0.380824
 -5.189065	 6.826186	 3.042773	 -1.781746	 -1.108031	 -0.380983
 -5.190847	 6.825078	 3.042392	 -1.781474	 -1.108389	 -0.381143
 -5.192629	 6.823970	 3.042011	 -1.781202	 -1.108747	 -0.381302
 -5.194410	 6.822861	 3.041630	 -1.780930	 -1.109104	 -0.381461
 -5.196191	 6.821752	 3.041248	 -1.780658	 -1.109462	 -0.381621
 -5.197971	 6.820642	 3.040867	 -1.780386	 -1.109819	 -0.381780
 -5.199752	 6.819533	 3.040485	 -1.780113	 -1.110177	 -0.381940
 -5.201532	 6.818422	 3.040103	 -1.779841	 -1.110534	 -0.382099
 -5.203312	 6.817312	 3.039721	 -1.779568	 -1.110892	 -0.382258
 -5.205091	 6.816201	 3.039339	 -1.779295	 -1.111249	 -0.382418
 -5.206871	 6.815090	 3.038956	 -1.779023	 -1.111606	 -0.382577
 -5.208650	 6.813978	 3.038574	 -1.778750	 -1.111963	 -0.382736
 -5.210428	 6.812866	 3.038191	 -1.778477	 -1.112320	 -0.382895
 -5.212207	 6.811754	 3.037808	 -1.778204	 -1.112677	 -0.383055
 -5.213985	 6.810641	 3.037425	 -1.777931	 -1.113034	 -0.383214
 -5.215763	 6.809528	 3.037042	 -1.777657	 -1.113391	 -0.383373
 -5.217541	 6.808415	 3.036658	 -1.777384	 -1.113748	 -0.383532
 -5.219318	 6.807301	 3.036275	 -1.777111	 -1.114105	 -0.383691
 -5.221095	 6.806187	 3.035891	 -1.776837	 -1.114461	 -0.383850
 -5.222872	 6.805072	 3.035507	 -1.776564	 -1.114818	 -0.384009
 -5.224649	 6.803958	 3.035123	 -1.776290	 -1.115175	 -0.384168
 -5.226425	 6.802842	 3.034739	 -1.776016	 -1.115531	 -0.384327
 -5.228201	 6.801727	 3.034355	 -1.775743	 -1.115887	 -0.384486
 -5.229977	 6.800611	 3.033970	 -1.775469	 -1.116244	 -0.384645
 -5.231752	 6.799495	 3.033586	 -1.775195	 -1.116600	 -0.384804
 -5.233527	 6.798378	 3.033201	 -1.774920	 -1.116956	 -0.384963
 -5.235302	 6.797261	 3.032816	 -1.774646	 -1.117312	 -0.385122
 -5.237077	 6.796144	 3.032431	 -1.774372	 -1.117669	 -0.385281
 -5.238851	 6.795026	 3.032045	 -1.774098	 -1.118025	 -0.385440
 -5.240625	 6.793908	 3.031660	 -1.773823	 -1.118381	 -0.385599
 -5.242399	 6.792790	 3.031274	 -1.773549	 -1.118736	 -0.385758
 -5.244173	 6.791671	 3.030889	 -1.773274	 -1.119092	 -0.385916
 -5.245946	 6.790552	 3.030503	 -1.772999	 -1.119448	 -0.386075
 -5.247719	 6.789433	 3.030117	 -1.772725	 -1.119804	 -0.386234
 -5.249492	 6.788313	 3.029730	 -1.772450	 -1.120159	 -0.386393
 -5.251264	 6.787193	 3.029344	 -1.772175	 -1.120515	 -0.386551
 -5.253036	 6.786072	 3.028957	 -1.771900	 -1.120870	 -0.386710
 -5.254808	 6.784951	 3.028571	 -1.771625	 -1.121226	 -0.386869
 -5.256580	 6.783830	 3.028184	 -1.771349	 -1.121581	 -0.387027
 -5.258351	 6.782708	 3.027797	 -1.771074	 -1.121937	 -0.387186
 -5.260122	 6.781586	 3.027410	 -1.770799	 -1.122292	 -0.387344
 -5.261893	 6.780464	 3.027022	 -1.770523	 -1.122647	 -0.387503
 -5.263664	 6.779341	 3.026635	 -1.770248	 -1.123002	 -0.387662
 -5.265434	 6.778218	 3.026247	 -1.769972	 -1.123357	 -0.387820
 -5.267204	 6.777095	 3.025859	 -1.769696	 -1.123712	 -0.387979
 -5.268974	 6.775971	 3.025471	 -1.769420	 -1.124067	 -0.388137
 -5.270743	 6.774847	 3.025083	 -1.769144	 -1.124422	 -0.388295
 -5.272512	 6.773723	 3.024695	 -1.768868	 -1.124777	 -0.388454
 -5.274281	 6.772598	 3.024307	 -1.768592	 -1.125131	 -0.388612
 -5.276050	 6.771473	 3.023918	 -1.768316	 -1.125486	 -0.388771
 -5.277818	 6.770348	 3.023529	 -1.768040	 -1.125841	 -0.388929
 -5.279586	 6.769222	 3.023140	 -1.767763	 -1.126195	 -0.389087
 -5.281354	 6.768096	 3.022751	 -1.767487	 -1.126550	 -0.389246
 -5.283121	 6.766969	 3.022362	 -1.767210	 -1.126904	 -0.389404
 -5.284888	 6.765842	 3.021972	 -1.766934	 -1.127258	 -0.389562
 -5.286655	 6.764715	 3.021583	 -1.766657	 -1.127613	 -0.389720
 -5.288422	 6.763587	 3.021193	 -1.766380	 -1.127967	 -0.389879
 -5.290188	 6.762459	 3.020803	 -1.766103	 -1.128321	 -0.390037
 -5.291954	 6.761331	 3.020413	 -1.765826	 -1.128675	 -0.390195
 -5.293720	 6.760202	 3.020023	 -1.765549	 -1.129029	 -0.390353
 -5.295486	 6.759073	 3.019633	 -1.765272	 -1.129383	 -0.390511
 -5.297251	 6.757944	 3.019242	 -1.764995	 -1.129737	 -0.390669
 -5.299016	 6.756814	 3.018852	 -1.764718	 -1.130091	 -0.390827
 -5.300781	 6.755684	 3.018461	 -1.764440	 -1.130444	 -0.390985
 -5.302545	 6.754554	 3.018070	 -1.764163	 -1.130798	 -0.391143
 -5.304309	 6.753423	 3.017679	 -1.763885	 -1.131152	 -0.391301
 -5.306073	 6.752292	 3.017287	 -1.763607	 -1.131505	 -0.391459
 -5.307837	 6.751160	 3.016896	 -1.763330	 -1.131859	 -0.391617
 -5.309600	 6.750028	 3.016504	 -1.763052	 -1.132212	 -0.391775
 -5.311363	 6.748896	 3.016112	 -1.762774	 -1.132565	 -0.391933
 -5.313126	 6.747763	 3.015720	 -1.762496	 -1.132919	 -0.392091
 -5.314889	 6.746631	 3.015328	 -1.762218	 -1.133272	 -0.392249
 -5.316651	 6.745497	 3.014936	 -1.761940	 -1.133625	 -0.392407
 -5.318413	 6.744364	 3.014544	 -1.761661	 -1.133978	 -0.392564
 -5.320174	 6.743230	 3.014151	 -1.761383	 -1.134331	 -0.392722
 -5.321936	 6.742095	 3.013758	 -1.761104	 -1.134684	 -0.392880
 -5.323697	 6.740961	 3.013366	 -1.760826	 -1.135037	 -0.393038
 -5.325458	 6.739826	 3.012973	 -1.760547	 -1.135390	 -0.393195
 -5.327218	 6.738690	 3.012579	 -1.760269	 -1.135742	 -0.393353
 -5.328979	 6.737554	 3.012186	 -1.759990	 -1.136095	 -0.393511
 -5.330739	 6.736418	 3.011792	 -1.759711	 -1.136448	 -0.393668
 -5.332498	 6.735282	 3.011399	 -1.759432	 -1.136800	 -0.393826
 -5.334258	 6.734145	 3.011005	 -1.759153	 -1.137153	 -0.393984
 -5.336017	 6.733008	 3.010611	 -1.758874	 -1.137505	 -0.394141
 -5.337776	 6.731870	 3.010217	 -1.758594	 -1.137857	 -0.394299
 -5.339534	 6.730733	 3.009823	 -1.758315	 -1.138210	 -0.394456
 -5.341293	 6.729594	 3.009428	 -1.758036	 -1.138562	 -0.394614
 -5.343051	 6.728456	 3.009033	 -1.757756	 -1.138914	 -0.394771
 -5.344808	 6.727317	 3.008639	 -1.757477	 -1.139266	 -0.394929
 -5.346566	 6.726178	 3.008244	 -1.757197	 -1.139618	 -0.395086
 -5.348323	 6.725038	 3.007849	 -1.756917	 -1.139970	 -0.395244
 -5.350080	 6.723898	 3.007453	 -1.756637	 -1.140322	 -0.395401
 -5.351837	 6.722758	 3.007058	 -1.756357	 -1.140674	 -0.395558
 -5.353593	 6.721617	 3.006662	 -1.756077	 -1.141026	 -0.395716
 -5.355349	 6.720476	 3.006267	 -1.755797	 -1.141377	 -0.395873
 -5.357105	 6.719335	 3.005871	 -1.755517	 -1.141729	 -0.396030
 -5.358860	 6.718193	 3.005475	 -1.755237	 -1.142080	 -0.396187
 -5.360616	 6.717051	 3.005079	 -1.754956	 -1.142432	 -0.396345
 -5.362371	 6.715908	 3.004682	 -1.754676	 -1.142783	 -0.396502
 -5.364125	 6.714766	 3.004286	 -1.754395	 -1.143135	 -0.396659
 -5.365880	 6.713623	 3.003889	 -1.754115	 -1.143486	 -0.396816
 -5.367634	 6.712479	 3.003492	 -1.753834	 -1.143837	 -0.396973
 -5.369388	 6.711335	 3.003095	 -1.753553	 -1.144188	 -0.397131
 -5.371141	 6.710191	 3.002698	 -1.753273	 -1.144539	 -0.397288
 -5.372894	 6.709046	 3.002301	 -1.752992	 -1.144890	 -0.397445
 -5.374647	 6.707902	 3.001904	 -1.752710	 -1.145241	 -0.397602
 -5.376400	 6.706756	 3.001506	 -1.752429	 -1.145592	 -0.397759
 -5.378153	 6.705611	 3.001108	 -1.752148	 -1.145943	 -0.397916
 -5.379905	 6.704465	 3.000710	 -1.751867	 -1.146294	 -0.398073
 -5.381657	 6.703318	 3.000312	 -1.751585	 -1.146644	 -0.398230
 -5.383408	 6.702172	 2.999914	 -1.751304	 -1.146995	 -0.398387
 -5.385159	 6.701025	 2.999516	 -1.751022	 -1.147345	 -0.398544
 -5.386910	 6.699878	 2.999117	 -1.750741	 -1.147696	 -0.398700
 -5.388661	 6.698730	 2.998718	 -1.750459	 -1.148046	 -0.398857
 -5.390412	 6.697582	 2.998319	 -1.750177	 -1.148397	 -0.399014
 -5.392162	 6.696433	 2.997920	 -1.749895	 -1.148747	 -0.399171
 -5.393912	 6.695285	 2.997521	 -1.749613	 -1.149097	 -0.399328
 -5.395661	 6.694136	 2.997122	 -1.749331	 -1.149447	 -0.399484
 -5.397411	 6.692986	 2.996722	 -1.749049	 -1.149797	 -0.399641
 -5.399160	 6.691836	 2.996323	 -1.748767	 -1.150147	 -0.399798
 -5.400909	 6.690686	 2.995923	 -1.748484	 -1.150497	 -0.399955
 -5.402657	 6.689536	 2.995523	 -1.748202	 -1.150847	 -0.400111
 -5.404405	 6.688385	 2.995123	 -1.747920	 -1.151197	 -0.400268
 -5.406153	 6.687234	 2.994723	 -1.747637	 -1.151547	 -0.400424
 -5.407901	 6.686082	 2.994322	 -1.747354	 -1.151896	 -0.400581
 -5.409648	 6.684930	 2.993922	 -1.747071	 -1.152246	 -0.400738
 -5.411395	 6.683778	 2.993521	 -1.746789	 -1.152596	 -0.400894
 -5.413142	 6.682625	 2.993120	 -1.746506	 -1.152945	 -0.401051
 -5.414888	 6.681472	 2.992719	 -1.746223	 -1.153294	 -0.401207
 -5.416635	 6.680319	 2.992318	 -1.745940	 -1.153644	 -0.401364
 -5.418381	 6.679165	 2.991916	 -1.745656	 -1.153993	 -0.401520
 -5.420126	 6.678011	 2.991515	 -1.745373	 -1.154342	 -0.401677
 -5.421872	 6.676857	 2.991113	 -1.745090	 -1.154691	 -0.401833
 -5.423617	 6.675702	 2.990711	 -1.744806	 -1.155040	 -0.401989
 -5.425362	 6.674547	 2.990309	 -1.744523	 -1.155389	 -0.402146
 -5.427106	 6.673392	 2.989907	 -1.744239	 -1.155738	 -0.402302
 -5.428850	 6.672236	 2.989505	 -1.743955	 -1.156087	 -0.402458
 -5.430594	 6.671080	 2.989103	 -1.743672	 -1.156436	 -0.402615
 -5.432338	 6.669924	 2.988700	 -1.743388	 -1.156785	 -0.402771
 -5.434081	 6.668767	 2.988297	 -1.743104	 -1.157133	 -0.402927
 -5.435824	 6.667610	 2.987894	 -1.742820	 -1.157482	 -0.403083
 -5.437567	 6.666452	 2.987491	 -1.742536	 -1.157830	 -0.403239
 -5.439310	 6.665294	 2.987088	 -1.742251	 -1.158179	 -0.403396
 -5.441052	 6.664136	 2.986684	 -1.741967	 -1.158527	 -0.403552
 -5.442794	 6.662978	 2.986281	 -1.741683	 -1.158876	 -0.403708
 -5.444536	 6.661819	 2.985877	 -1.741398	 -1.159224	 -0.403864
 -5.446277	 6.660660	 2.985473	 -1.741114	 -1.159572	 -0.404020
 -5.448018	 6.659500	 2.985069	 -1.740829	 -1.159920	 -0.404176
 -5.449759	 6.658340	 2.984665	 -1.740544	 -1.160268	 -0.404332
 -5.451500	 6.657180	 2.984261	 -1.740259	 -1.160616	 -0.404488
 -5.453240	 6.656019	 2.983856	 -1.739974	 -1.160964	 -0.404644
 -5.454980	 6.654858	 2.983452	 -1.739689	 -1.161312	 -0.404800
 -5.456720	 6.653697	 2.983047	 -1.739404	 -1.161660	 -0.404956
 -5.458459	 6.652535	 2.982642	 -1.739119	 -1.162007	 -0.405112
 -5.460198	 6.651373	 2.982237	 -1.738834	 -1.162355	 -0.405268
 -5.461937	 6.650211	 2.981832	 -1.738549	 -1.162703	 -0.405423
 -5.463675	 6.649048	 2.981426	 -1.738263	 -1.163050	 -0.405579
 -5.465414	 6.647885	 2.981021	 -1.737978	 -1.163398	 -0.405735
 -5.467152	 6.646722	 2.980615	 -1.737692	 -1.163745	 -0.405891
 -5.468889	 6.645558	 2.980209	 -1.737406	 -1.164092	 -0.406047
 -5.470627	 6.644394	 2.979803	 -1.737121	 -1.164440	 -0.406202
 -5.472364	 6.643230	 2.979397	 -1.736835	 -1.164787	 -0.406358
 -5.474101	 6.642065	 2.978990	 -1.736549	 -1.165134	 -0.406514
 -5.475837	 6.640900	 2.978584	 -1.736263	 -1.165481	 -0.406669
 -5.477574	 6.639734	 2.978177	 -1.735977	 -1.165828	 -0.406825
 -5.479309	 6.638568	 2.977770	 -1.735691	 -1.166175	 -0.406980
 -5.481045	 6.637402	 2.977363	 -1.735404	 -1.166522	 -0.407136
 -5.482781	 6.636236	 2.976956	 -1.735118	 -1.166868	 -0.407292
 -5.484516	 6.635069	 2.976549	 -1.734832	 -1.167215	 -0.407447
 -5.486251	 6.633902	 2.976141	 -1.734545	 -1.167562	 -0.407603
 -5.487985	 6.632734	 2.975734	 -1.734258	 -1.167908	 -0.407758
 -5.489719	 6.631566	 2.975326	 -1.733972	 -1.168255	 -0.407914
 -5.491453	 6.630398	 2.974918	 -1.733685	 -1.168601	 -0.408069
 -5.493187	 6.629229	 2.974510	 -1.733398	 -1.168947	 -0.408224
 -5.494920	 6.628060	 2.974102	 -1.733111	 -1.169294	 -0.408380
 -5.496654	 6.626891	 2.973694	 -1.732824	 -1.169640	 -0.408535
 -5.498386	 6.625721	 2.973285	 -1.732537	 -1.169986	 -0.408690
 -5.500119	 6.624551	 2.972876	 -1.732250	 -1.170332	 -0.408846
 -5.501851	 6.623381	 2.972467	 -1.731963	 -1.170678	 -0.409001
 -5.503583	 6.622210	 2.972058	 -1.731675	 -1.171024	 -0.409156
 -5.505315	 6.621039	 2.971649	 -1.731388	 -1.171370	 -0.409312
 -5.507046	 6.619868	 2.971240	 -1.731100	 -1.171716	 -0.409467
 -5.508777	 6.618696	 2.970831	 -1.730813	 -1.172062	 -0.409622
 -5.510508	 6.617524	 2.970421	 -1.730525	 -1.172407	 -0.409777
 -5.512239	 6.616352	 2.970011	 -1.730237	 -1.172753	 -0.409932
 -5.513969	 6.615179	 2.969601	 -1.729949	 -1.173098	 -0.410087
 -5.515699	 6.614006	 2.969191	 -1.729661	 -1.173444	 -0.410242
 -5.517428	 6.612832	 2.968781	 -1.729373	 -1.173789	 -0.410397
 -5.519158	 6.611659	 2.968370	 -1.729085	 -1.174135	 -0.410552
 -5.520887	 6.610485	 2.967960	 -1.728797	 -1.174480	 -0.410707
 -5.522616	 6.609310	 2.967549	 -1.728509	 -1.174825	 -0.410862
 -5.524344	 6.608135	 2.967138	 -1.728220	 -1.175170	 -0.411017
 -5.526072	 6.606960	 2.966727	 -1.727932	 -1.175515	 -0.411172
 -5.527800	 6.605785	 2.966316	 -1.727643	 -1.175860	 -0.411327
 -5.529528	 6.604609	 2.965905	 -1.727355	 -1.176205	 -0.411482
 -5.531255	 6.603432	 2.965493	 -1.727066	 -1.176550	 -0.411637
 -5.532982	 6.602256	 2.965082	 -1.726777	 -1.176895	 -0.411792
 -5.534709	 6.601079	 2.964670	 -1.726488	 -1.177240	 -0.411947
 -5.536436	 6.599902	 2.964258	 -1.726199	 -1.177584	 -0.412101
 -5.538162	 6.598724	 2.963846	 -1.725910	 -1.177929	 -0.412256
 -5.539888	 6.597546	 2.963434	 -1.725621	 -1.178273	 -0.412411
 -5.541613	 6.596368	 2.963021	 -1.725332	 -1.178618	 -0.412566
 -5.543339	 6.595189	 2.962609	 -1.725042	 -1.178962	 -0.412720
 -5.545064	 6.594010	 2.962196	 -1.724753	 -1.179306	 -0.412875
 -5.546789	 6.592831	 2.961783	 -1.724464	 -1.179651	 -0.413030
 -5.548513	 6.591651	 2.961370	 -1.724174	 -1.179995	 -0.413184
 -5.550237	 6.590471	 2.960957	 -1.723884	 -1.180339	 -0.413339
 -5.551961	 6.589291	 2.960543	 -1.723595	 -1.180683	 -0.413493
 -5.553685	 6.588110	 2.960130	 -1.723305	 -1.181027	 -0.413648
 -5.555408	 6.586929	 2.959716	 -1.723015	 -1.181371	 -0.413803
 -5.557131	 6.585748	 2.959303	 -1.722725	 -1.181715	 -0.413957
 -5.558854	 6.584566	 2.958889	 -1.722435	 -1.182058	 -0.414111
 -5.560576	 6.583384	 2.958474	 -1.722145	 -1.182402	 -0.414266
 -5.562298	 6.582202	 2.958060	 -1.721855	 -1.182746	 -0.414420
 -5.564020	 6.581019	 2.957646	 -1.721564	 -1.183089	 -0.414575
 -5.565742	 6.579836	 2.957231	 -1.721274	 -1.183433	 -0.414729
 -5.567463	 6.578653	 2.956816	 -1.720983	 -1.183776	 -0.414883
 -5.569184	 6.577469	 2.956402	 -1.720693	 -1.184119	 -0.415038
 -5.570905	 6.576285	 2.955987	 -1.720402	 -1.184463	 -0.415192
 -5.572625	 6.575100	 2.955571	 -1.720111	 -1.184806	 -0.415346
 -5.574345	 6.573915	 2.955156	 -1.719821	 -1.185149	 -0.415501
 -5.576065	 6.572730	 2.954741	 -1.719530	 -1.185492	 -0.415655
 -5.577785	 6.571545	 2.954325	 -1.719239	 -1.185835	 -0.415809
 -5.579504	 6.570359	 2.953909	 -1.718948	 -1.186178	 -0.415963
 -5.581223	 6.569173	 2.953493	 -1.718656	 -1.186521	 -0.416117
 -5.582941	 6.567986	 2.953077	 -1.718365	 -1.186864	 -0.416271
 -5.584660	 6.566799	 2.952661	 -1.718074	 -1.187206	 -0.416425
 -5.586378	 6.565612	 2.952244	 -1.717782	 -1.187549	 -0.416580
 -5.588096	 6.564425	 2.951828	 -1.717491	 -1.187892	 -0.416734
 -5.589813	 6.563237	 2.951411	 -1.717199	 -1.188234	 -0.416888
