 18.382314	 -7.256836	 -3.438257	 0.563685	 1.144408	 0.493287
 18.382877	 -7.255691	 -3.437763	 0.563595	 1.144443	 0.493303
 18.383441	 -7.254547	 -3.437270	 0.563505	 1.144479	 0.493320
 18.384005	 -7.253402	 -3.436777	 0.563415	 1.144514	 0.493337
 18.384568	 -7.252258	 -3.436283	 0.563325	 1.144550	 0.493354
 18.385131	 -7.251113	 -3.435790	 0.563235	 1.144585	 0.493371
 18.385695	 -7.249969	 -3.435297	 0.563145	 1.144621	 0.493387
 18.386258	 -7.248824	 -3.434803	 0.563055	 1.144656	 0.493404
 18.386821	 -7.247679	 -3.434310	 0.562965	 1.144692	 0.493421
 18.387384	 -7.246535	 -3.433817	 0.562875	 1.144727	 0.493438
 18.387947	 -7.245390	 -3.433323	 0.562786	 1.144763	 0.493455
 18.388509	 -7.244245	 -3.432830	 0.562696	 1.144798	 0.493471
 18.389072	 -7.243100	 -3.432336	 0.562606	 1.144833	 0.493488
 18.389635	 -7.241956	 -3.431843	 0.562516	 1.144869	 0.493505
 18.390197	 -7.240811	 -3.431349	 0.562426	 1.144904	 0.493522
 18.390760	 -7.239666	 -3.430856	 0.562336	 1.144940	 0.493539
 18.391322	 -7.238521	 -3.430362	 0.562246	 1.144975	 0.493555
 18.391884	 -7.237376	 -3.429869	 0.562156	 1.145011	 0.493572
 18.392446	 -7.236231	 -3.429375	 0.562066	 1.145046	 0.493589
 18.393008	 -7.235086	 -3.428881	 0.561976	 1.145081	 0.493606
 18.393570	 -7.233941	 -3.428388	 0.561886	 1.145117	 0.493622
 18.394132	 -7.232796	 -3.427894	 0.561796	 1.145152	 0.493639
 18.394694	 -7.231650	 -3.427401	 0.561706	 1.145187	 0.493656
 18.395256	 -7.230505	 -3.426907	 0.561616	 1.145223	 0.493673
 18.395817	 -7.229360	 -3.426413	 0.561526	 1.145258	 0.493689
 18.396379	 -7.228215	 -3.425920	 0.561436	 1.145294	 0.493706
 18.396940	 -7.227069	 -3.425426	 0.561346	 1.145329	 0.493723
 18.397502	 -7.225924	 -3.424932	 0.561256	 1.145364	 0.493740
 18.398063	 -7.224779	 -3.424438	 0.561166	 1.145400	 0.493756
 18.398624	 -7.223633	 -3.423945	 0.561076	 1.145435	 0.493773
 18.399185	 -7.222488	 -3.423451	 0.560986	 1.145470	 0.493790
 18.399746	 -7.221343	 -3.422957	 0.560896	 1.145506	 0.493807
 18.400307	 -7.220197	 -3.422463	 0.560807	 1.145541	 0.493823
 18.400868	 -7.219051	 -3.421969	 0.560717	 1.145576	 0.493840
 18.401429	 -7.217906	 -3.421476	 0.560627	 1.145611	 0.493857
 18.401989	 -7.216760	 -3.420982	 0.560537	 1.145647	 0.493874
 18.402550	 -7.215615	 -3.420488	 0.560447	 1.145682	 0.493890
 18.403110	 -7.214469	 -3.419994	 0.560357	 1.145717	 0.493907
 18.403671	 -7.213323	 -3.419500	 0.560267	 1.145753	 0.493924
 18.404231	 -7.212177	 -3.419006	 0.560177	 1.145788	 0.493941
 18.404791	 -7.211032	 -3.418512	 0.560087	 1.145823	 0.493957
 18.405351	 -7.209886	 -3.418018	 0.559997	 1.145858	 0.493974
 18.405911	 -7.208740	 -3.417524	 0.559907	 1.145894	 0.493991
 18.406471	 -7.207594	 -3.417030	 0.559817	 1.145929	 0.494007
 18.407031	 -7.206448	 -3.416536	 0.559727	 1.145964	 0.494024
 18.407591	 -7.205302	 -3.416042	 0.559637	 1.145999	 0.494041
 18.408150	 -7.204156	 -3.415548	 0.559546	 1.146035	 0.494058
 18.408710	 -7.203010	 -3.415054	 0.559456	 1.146070	 0.494074
 18.409269	 -7.201864	 -3.414560	 0.559366	 1.146105	 0.494091
 18.409829	 -7.200718	 -3.414066	 0.559276	 1.146140	 0.494108
 18.410388	 -7.199572	 -3.413572	 0.559186	 1.146176	 0.494124
 18.410947	 -7.198426	 -3.413078	 0.559096	 1.146211	 0.494141
 18.411506	 -7.197279	 -3.412584	 0.559006	 1.146246	 0.494158
 18.412065	 -7.196133	 -3.412089	 0.558916	 1.146281	 0.494174
 18.412624	 -7.194987	 -3.411595	 0.558826	 1.146316	 0.494191
 18.413183	 -7.193841	 -3.411101	 0.558736	 1.146352	 0.494208
 18.413742	 -7.192694	 -3.410607	 0.558646	 1.146387	 0.494224
 18.414300	 -7.191548	 -3.410113	 0.558556	 1.146422	 0.494241
 18.414859	 -7.190401	 -3.409618	 0.558466	 1.146457	 0.494258
 18.415417	 -7.189255	 -3.409124	 0.558376	 1.146492	 0.494275
 18.415976	 -7.188109	 -3.408630	 0.558286	 1.146527	 0.494291
 18.416534	 -7.186962	 -3.408136	 0.558196	 1.146563	 0.494308
 18.417092	 -7.185815	 -3.407641	 0.558106	 1.146598	 0.494325
 18.417650	 -7.184669	 -3.407147	 0.558016	 1.146633	 0.494341
 18.418208	 -7.183522	 -3.406653	 0.557926	 1.146668	 0.494358
 18.418766	 -7.182376	 -3.406158	 0.557836	 1.146703	 0.494375
 18.419324	 -7.181229	 -3.405664	 0.557746	 1.146738	 0.494391
 18.419882	 -7.180082	 -3.405169	 0.557656	 1.146773	 0.494408
 18.420439	 -7.178935	 -3.404675	 0.557565	 1.146808	 0.494424
 18.420997	 -7.177789	 -3.404181	 0.557475	 1.146844	 0.494441
 18.421554	 -7.176642	 -3.403686	 0.557385	 1.146879	 0.494458
 18.422112	 -7.175495	 -3.403192	 0.557295	 1.146914	 0.494474
 18.422669	 -7.174348	 -3.402697	 0.557205	 1.146949	 0.494491
 18.423226	 -7.173201	 -3.402203	 0.557115	 1.146984	 0.494508
 18.423783	 -7.172054	 -3.401708	 0.557025	 1.147019	 0.494524
 18.424340	 -7.170907	 -3.401214	 0.556935	 1.147054	 0.494541
 18.424897	 -7.169760	 -3.400719	 0.556845	 1.147089	 0.494558
 18.425454	 -7.168613	 -3.400225	 0.556755	 1.147124	 0.494574
 18.426011	 -7.167466	 -3.399730	 0.556665	 1.147159	 0.494591
 18.426568	 -7.166318	 -3.399235	 0.556575	 1.147194	 0.494607
 18.427124	 -7.165171	 -3.398741	 0.556484	 1.147229	 0.494624
 18.427681	 -7.164024	 -3.398246	 0.556394	 1.147264	 0.494641
 18.428237	 -7.162877	 -3.397752	 0.556304	 1.147299	 0.494657
 18.428793	 -7.161730	 -3.397257	 0.556214	 1.147334	 0.494674
 18.429350	 -7.160582	 -3.396762	 0.556124	 1.147369	 0.494691
 18.429906	 -7.159435	 -3.396268	 0.556034	 1.147404	 0.494707
 18.430462	 -7.158287	 -3.395773	 0.555944	 1.147439	 0.494724
 18.431018	 -7.157140	 -3.395278	 0.555854	 1.147474	 0.494740
 18.431574	 -7.155992	 -3.394783	 0.555764	 1.147509	 0.494757
 18.432129	 -7.154845	 -3.394289	 0.555673	 1.147544	 0.494774
 18.432685	 -7.153697	 -3.393794	 0.555583	 1.147579	 0.494790
 18.433241	 -7.152550	 -3.393299	 0.555493	 1.147614	 0.494807
 18.433796	 -7.151402	 -3.392804	 0.555403	 1.147649	 0.494823
 18.434352	 -7.150255	 -3.392309	 0.555313	 1.147684	 0.494840
 18.434907	 -7.149107	 -3.391815	 0.555223	 1.147719	 0.494857
 18.435462	 -7.147959	 -3.391320	 0.555133	 1.147754	 0.494873
 18.436017	 -7.146811	 -3.390825	 0.555042	 1.147789	 0.494890
 18.436572	 -7.145664	 -3.390330	 0.554952	 1.147824	 0.494906
 18.437127	 -7.144516	 -3.389835	 0.554862	 1.147859	 0.494923
 18.437682	 -7.143368	 -3.389340	 0.554772	 1.147894	 0.494939
 18.438237	 -7.142220	 -3.388845	 0.554682	 1.147929	 0.494956
 18.438791	 -7.141072	 -3.388350	 0.554592	 1.147964	 0.494973
 18.439346	 -7.139924	 -3.387855	 0.554502	 1.147999	 0.494989
 18.439901	 -7.138776	 -3.387360	 0.554411	 1.148034	 0.495006
 18.440455	 -7.137628	 -3.386865	 0.554321	 1.148069	 0.495022
 18.441009	 -7.136480	 -3.386370	 0.554231	 1.148104	 0.495039
 18.441564	 -7.135332	 -3.385875	 0.554141	 1.148138	 0.495055
 18.442118	 -7.134184	 -3.385380	 0.554051	 1.148173	 0.495072
 18.442672	 -7.133036	 -3.384885	 0.553961	 1.148208	 0.495088
 18.443226	 -7.131887	 -3.384390	 0.553870	 1.148243	 0.495105
 18.443780	 -7.130739	 -3.383895	 0.553780	 1.148278	 0.495122
 18.444333	 -7.129591	 -3.383400	 0.553690	 1.148313	 0.495138
 18.444887	 -7.128443	 -3.382905	 0.553600	 1.148348	 0.495155
 18.445441	 -7.127294	 -3.382410	 0.553510	 1.148382	 0.495171
 18.445994	 -7.126146	 -3.381914	 0.553419	 1.148417	 0.495188
 18.446548	 -7.124997	 -3.381419	 0.553329	 1.148452	 0.495204
 18.447101	 -7.123849	 -3.380924	 0.553239	 1.148487	 0.495221
 18.447654	 -7.122701	 -3.380429	 0.553149	 1.148522	 0.495237
 18.448207	 -7.121552	 -3.379933	 0.553059	 1.148557	 0.495254
 18.448760	 -7.120403	 -3.379438	 0.552968	 1.148592	 0.495270
 18.449313	 -7.119255	 -3.378943	 0.552878	 1.148626	 0.495287
 18.449866	 -7.118106	 -3.378448	 0.552788	 1.148661	 0.495303
 18.450419	 -7.116958	 -3.377952	 0.552698	 1.148696	 0.495320
 18.450972	 -7.115809	 -3.377457	 0.552608	 1.148731	 0.495336
 18.451524	 -7.114660	 -3.376962	 0.552517	 1.148766	 0.495353
 18.452077	 -7.113511	 -3.376466	 0.552427	 1.148800	 0.495370
 18.452629	 -7.112363	 -3.375971	 0.552337	 1.148835	 0.495386
 18.453182	 -7.111214	 -3.375476	 0.552247	 1.148870	 0.495403
 18.453734	 -7.110065	 -3.374980	 0.552157	 1.148905	 0.495419
 18.454286	 -7.108916	 -3.374485	 0.552066	 1.148939	 0.495436
 18.454838	 -7.107767	 -3.373989	 0.551976	 1.148974	 0.495452
 18.455390	 -7.106618	 -3.373494	 0.551886	 1.149009	 0.495469
 18.455942	 -7.105469	 -3.372998	 0.551796	 1.149044	 0.495485
 18.456494	 -7.104320	 -3.372503	 0.551705	 1.149078	 0.495502
 18.457045	 -7.103171	 -3.372007	 0.551615	 1.149113	 0.495518
 18.457597	 -7.102022	 -3.371512	 0.551525	 1.149148	 0.495534
 18.458149	 -7.100873	 -3.371016	 0.551435	 1.149183	 0.495551
 18.458700	 -7.099723	 -3.370521	 0.551344	 1.149217	 0.495567
 18.459251	 -7.098574	 -3.370025	 0.551254	 1.149252	 0.495584
 18.459803	 -7.097425	 -3.369530	 0.551164	 1.149287	 0.495600
 18.460354	 -7.096276	 -3.369034	 0.551074	 1.149321	 0.495617
 18.460905	 -7.095126	 -3.368538	 0.550983	 1.149356	 0.495633
 18.461456	 -7.093977	 -3.368043	 0.550893	 1.149391	 0.495650
 18.462007	 -7.092828	 -3.367547	 0.550803	 1.149425	 0.495666
 18.462557	 -7.091678	 -3.367052	 0.550713	 1.149460	 0.495683
 18.463108	 -7.090529	 -3.366556	 0.550622	 1.149495	 0.495699
 18.463659	 -7.089379	 -3.366060	 0.550532	 1.149529	 0.495716
 18.464209	 -7.088230	 -3.365564	 0.550442	 1.149564	 0.495732
 18.464760	 -7.087080	 -3.365069	 0.550352	 1.149599	 0.495749
 18.465310	 -7.085931	 -3.364573	 0.550261	 1.149633	 0.495765
 18.465860	 -7.084781	 -3.364077	 0.550171	 1.149668	 0.495781
 18.466411	 -7.083631	 -3.363581	 0.550081	 1.149703	 0.495798
 18.466961	 -7.082482	 -3.363086	 0.549991	 1.149737	 0.495814
 18.467511	 -7.081332	 -3.362590	 0.549900	 1.149772	 0.495831
 18.468061	 -7.080182	 -3.362094	 0.549810	 1.149807	 0.495847
 18.468610	 -7.079032	 -3.361598	 0.549720	 1.149841	 0.495864
 18.469160	 -7.077882	 -3.361102	 0.549629	 1.149876	 0.495880
 18.469710	 -7.076733	 -3.360606	 0.549539	 1.149910	 0.495897
 18.470259	 -7.075583	 -3.360110	 0.549449	 1.149945	 0.495913
 18.470809	 -7.074433	 -3.359615	 0.549359	 1.149980	 0.495929
 18.471358	 -7.073283	 -3.359119	 0.549268	 1.150014	 0.495946
 18.471907	 -7.072133	 -3.358623	 0.549178	 1.150049	 0.495962
 18.472457	 -7.070983	 -3.358127	 0.549088	 1.150083	 0.495979
 18.473006	 -7.069833	 -3.357631	 0.548997	 1.150118	 0.495995
 18.473555	 -7.068682	 -3.357135	 0.548907	 1.150152	 0.496012
 18.474104	 -7.067532	 -3.356639	 0.548817	 1.150187	 0.496028
 18.474652	 -7.066382	 -3.356143	 0.548726	 1.150222	 0.496044
 18.475201	 -7.065232	 -3.355647	 0.548636	 1.150256	 0.496061
 18.475750	 -7.064082	 -3.355151	 0.548546	 1.150291	 0.496077
 18.476298	 -7.062931	 -3.354655	 0.548455	 1.150325	 0.496094
 18.476847	 -7.061781	 -3.354158	 0.548365	 1.150360	 0.496110
 18.477395	 -7.060631	 -3.353662	 0.548275	 1.150394	 0.496126
 18.477943	 -7.059480	 -3.353166	 0.548184	 1.150429	 0.496143
 18.478492	 -7.058330	 -3.352670	 0.548094	 1.150463	 0.496159
 18.479040	 -7.057179	 -3.352174	 0.548004	 1.150498	 0.496176
 18.479588	 -7.056029	 -3.351678	 0.547913	 1.150532	 0.496192
 18.480136	 -7.054878	 -3.351182	 0.547823	 1.150567	 0.496208
 18.480683	 -7.053728	 -3.350685	 0.547733	 1.150601	 0.496225
 18.481231	 -7.052577	 -3.350189	 0.547642	 1.150636	 0.496241
 18.481779	 -7.051427	 -3.349693	 0.547552	 1.150670	 0.496257
 18.482326	 -7.050276	 -3.349197	 0.547462	 1.150705	 0.496274
 18.482874	 -7.049125	 -3.348700	 0.547371	 1.150739	 0.496290
 18.483421	 -7.047974	 -3.348204	 0.547281	 1.150774	 0.496307
 18.483968	 -7.046824	 -3.347708	 0.547191	 1.150808	 0.496323
 18.484516	 -7.045673	 -3.347211	 0.547100	 1.150843	 0.496339
 18.485063	 -7.044522	 -3.346715	 0.547010	 1.150877	 0.496356
 18.485610	 -7.043371	 -3.346219	 0.546920	 1.150911	 0.496372
 18.486157	 -7.042220	 -3.345722	 0.546829	 1.150946	 0.496388
 18.486703	 -7.041069	 -3.345226	 0.546739	 1.150980	 0.496405
 18.487250	 -7.039918	 -3.344730	 0.546648	 1.151015	 0.496421
 18.487797	 -7.038767	 -3.344233	 0.546558	 1.151049	 0.496437
 18.488343	 -7.037616	 -3.343737	 0.546468	 1.151083	 0.496454
 18.488890	 -7.036465	 -3.343240	 0.546377	 1.151118	 0.496470
 18.489436	 -7.035314	 -3.342744	 0.546287	 1.151152	 0.496486
 18.489983	 -7.034163	 -3.342247	 0.546197	 1.151187	 0.496503
 18.490529	 -7.033012	 -3.341751	 0.546106	 1.151221	 0.496519
 18.491075	 -7.031860	 -3.341254	 0.546016	 1.151255	 0.496535
 18.491621	 -7.030709	 -3.340758	 0.545925	 1.151290	 0.496552
 18.492167	 -7.029558	 -3.340261	 0.545835	 1.151324	 0.496568
 18.492713	 -7.028407	 -3.339765	 0.545745	 1.151359	 0.496584
 18.493258	 -7.027255	 -3.339268	 0.545654	 1.151393	 0.496601
 18.493804	 -7.026104	 -3.338771	 0.545564	 1.151427	 0.496617
 18.494350	 -7.024952	 -3.338275	 0.545473	 1.151462	 0.496633
 18.494895	 -7.023801	 -3.337778	 0.545383	 1.151496	 0.496650
 18.495440	 -7.022649	 -3.337282	 0.545293	 1.151530	 0.496666
 18.495986	 -7.021498	 -3.336785	 0.545202	 1.151565	 0.496682
 18.496531	 -7.020346	 -3.336288	 0.545112	 1.151599	 0.496699
 18.497076	 -7.019195	 -3.335791	 0.545021	 1.151633	 0.496715
 18.497621	 -7.018043	 -3.335295	 0.544931	 1.151668	 0.496731
 18.498166	 -7.016891	 -3.334798	 0.544841	 1.151702	 0.496748
 18.498711	 -7.015740	 -3.334301	 0.544750	 1.151736	 0.496764
 18.499256	 -7.014588	 -3.333804	 0.544660	 1.151770	 0.496780
 18.499800	 -7.013436	 -3.333308	 0.544569	 1.151805	 0.496796
 18.500345	 -7.012284	 -3.332811	 0.544479	 1.151839	 0.496813
 18.500889	 -7.011133	 -3.332314	 0.544388	 1.151873	 0.496829
 18.501434	 -7.009981	 -3.331817	 0.544298	 1.151908	 0.496845
 18.501978	 -7.008829	 -3.331320	 0.544208	 1.151942	 0.496862
 18.502522	 -7.007677	 -3.330824	 0.544117	 1.151976	 0.496878
 18.503066	 -7.006525	 -3.330327	 0.544027	 1.152010	 0.496894
 18.503610	 -7.005373	 -3.329830	 0.543936	 1.152045	 0.496911
 18.504154	 -7.004221	 -3.329333	 0.543846	 1.152079	 0.496927
 18.504698	 -7.003069	 -3.328836	 0.543755	 1.152113	 0.496943
 18.505242	 -7.001917	 -3.328339	 0.543665	 1.152147	 0.496959
 18.505786	 -7.000765	 -3.327842	 0.543574	 1.152182	 0.496976
 18.506329	 -6.999612	 -3.327345	 0.543484	 1.152216	 0.496992
 18.506873	 -6.998460	 -3.326848	 0.543393	 1.152250	 0.497008
 18.507416	 -6.997308	 -3.326351	 0.543303	 1.152284	 0.497024
 18.507959	 -6.996156	 -3.325854	 0.543213	 1.152318	 0.497041
 18.508502	 -6.995003	 -3.325357	 0.543122	 1.152353	 0.497057
 18.509046	 -6.993851	 -3.324860	 0.543032	 1.152387	 0.497073
 18.509589	 -6.992699	 -3.324363	 0.542941	 1.152421	 0.497089
 18.510132	 -6.991546	 -3.323866	 0.542851	 1.152455	 0.497106
 18.510674	 -6.990394	 -3.323369	 0.542760	 1.152489	 0.497122
 18.511217	 -6.989241	 -3.322872	 0.542670	 1.152523	 0.497138
 18.511760	 -6.988089	 -3.322374	 0.542579	 1.152558	 0.497154
 18.512302	 -6.986936	 -3.321877	 0.542489	 1.152592	 0.497171
 18.512845	 -6.985783	 -3.321380	 0.542398	 1.152626	 0.497187
 18.513387	 -6.984631	 -3.320883	 0.542308	 1.152660	 0.497203
 18.513930	 -6.983478	 -3.320386	 0.542217	 1.152694	 0.497219
 18.514472	 -6.982325	 -3.319888	 0.542127	 1.152728	 0.497236
 18.515014	 -6.981173	 -3.319391	 0.542036	 1.152762	 0.497252
 18.515556	 -6.980020	 -3.318894	 0.541946	 1.152797	 0.497268
 18.516098	 -6.978867	 -3.318397	 0.541855	 1.152831	 0.497284
 18.516640	 -6.977714	 -3.317899	 0.541765	 1.152865	 0.497300
 18.517182	 -6.976562	 -3.317402	 0.541674	 1.152899	 0.497317
 18.517723	 -6.975409	 -3.316905	 0.541584	 1.152933	 0.497333
 18.518265	 -6.974256	 -3.316408	 0.541493	 1.152967	 0.497349
 18.518806	 -6.973103	 -3.315910	 0.541403	 1.153001	 0.497365
 18.519348	 -6.971950	 -3.315413	 0.541312	 1.153035	 0.497382
 18.519889	 -6.970797	 -3.314915	 0.541222	 1.153069	 0.497398
 18.520430	 -6.969644	 -3.314418	 0.541131	 1.153103	 0.497414
 18.520971	 -6.968490	 -3.313921	 0.541041	 1.153138	 0.497430
 18.521512	 -6.967337	 -3.313423	 0.540950	 1.153172	 0.497446
 18.522053	 -6.966184	 -3.312926	 0.540860	 1.153206	 0.497463
 18.522594	 -6.965031	 -3.312428	 0.540769	 1.153240	 0.497479
 18.523135	 -6.963878	 -3.311931	 0.540679	 1.153274	 0.497495
 18.523676	 -6.962724	 -3.311433	 0.540588	 1.153308	 0.497511
 18.524216	 -6.961571	 -3.310936	 0.540498	 1.153342	 0.497527
 18.524757	 -6.960418	 -3.310438	 0.540407	 1.153376	 0.497543
 18.525297	 -6.959264	 -3.309941	 0.540316	 1.153410	 0.497560
 18.525838	 -6.958111	 -3.309443	 0.540226	 1.153444	 0.497576
 18.526378	 -6.956958	 -3.308946	 0.540135	 1.153478	 0.497592
 18.526918	 -6.955804	 -3.308448	 0.540045	 1.153512	 0.497608
 18.527458	 -6.954651	 -3.307950	 0.539954	 1.153546	 0.497624
 18.527998	 -6.953497	 -3.307453	 0.539864	 1.153580	 0.497640
 18.528538	 -6.952343	 -3.306955	 0.539773	 1.153614	 0.497657
 18.529077	 -6.951190	 -3.306457	 0.539683	 1.153648	 0.497673
 18.529617	 -6.950036	 -3.305960	 0.539592	 1.153682	 0.497689
 18.530157	 -6.948883	 -3.305462	 0.539501	 1.153716	 0.497705
 18.530696	 -6.947729	 -3.304964	 0.539411	 1.153750	 0.497721
 18.531236	 -6.946575	 -3.304467	 0.539320	 1.153784	 0.497737
 18.531775	 -6.945421	 -3.303969	 0.539230	 1.153818	 0.497754
 18.532314	 -6.944267	 -3.303471	 0.539139	 1.153852	 0.497770
 18.532853	 -6.943114	 -3.302973	 0.539049	 1.153886	 0.497786
 18.533392	 -6.941960	 -3.302476	 0.538958	 1.153919	 0.497802
 18.533931	 -6.940806	 -3.301978	 0.538867	 1.153953	 0.497818
 18.534470	 -6.939652	 -3.301480	 0.538777	 1.153987	 0.497834
 18.535009	 -6.938498	 -3.300982	 0.538686	 1.154021	 0.497850
 18.535548	 -6.937344	 -3.300484	 0.538596	 1.154055	 0.497867
 18.536086	 -6.936190	 -3.299986	 0.538505	 1.154089	 0.497883
 18.536625	 -6.935036	 -3.299489	 0.538415	 1.154123	 0.497899
 18.537163	 -6.933882	 -3.298991	 0.538324	 1.154157	 0.497915
 18.537702	 -6.932727	 -3.298493	 0.538233	 1.154191	 0.497931
 18.538240	 -6.931573	 -3.297995	 0.538143	 1.154225	 0.497947
 18.538778	 -6.930419	 -3.297497	 0.538052	 1.154258	 0.497963
 18.539316	 -6.929265	 -3.296999	 0.537962	 1.154292	 0.497979
 18.539854	 -6.928110	 -3.296501	 0.537871	 1.154326	 0.497996
 18.540392	 -6.926956	 -3.296003	 0.537780	 1.154360	 0.498012
 18.540930	 -6.925802	 -3.295505	 0.537690	 1.154394	 0.498028
 18.541467	 -6.924647	 -3.295007	 0.537599	 1.154428	 0.498044
 18.542005	 -6.923493	 -3.294509	 0.537508	 1.154462	 0.498060
 18.542542	 -6.922338	 -3.294011	 0.537418	 1.154495	 0.498076
 18.543080	 -6.921184	 -3.293513	 0.537327	 1.154529	 0.498092
 18.543617	 -6.920029	 -3.293015	 0.537237	 1.154563	 0.498108
 18.544154	 -6.918875	 -3.292517	 0.537146	 1.154597	 0.498124
 18.544692	 -6.917720	 -3.292018	 0.537055	 1.154631	 0.498140
 18.545229	 -6.916566	 -3.291520	 0.536965	 1.154665	 0.498157
 18.545766	 -6.915411	 -3.291022	 0.536874	 1.154698	 0.498173
 18.546302	 -6.914256	 -3.290524	 0.536783	 1.154732	 0.498189
 18.546839	 -6.913102	 -3.290026	 0.536693	 1.154766	 0.498205
 18.547376	 -6.911947	 -3.289528	 0.536602	 1.154800	 0.498221
 18.547912	 -6.910792	 -3.289029	 0.536512	 1.154833	 0.498237
 18.548449	 -6.909637	 -3.288531	 0.536421	 1.154867	 0.498253
 18.548985	 -6.908482	 -3.288033	 0.536330	 1.154901	 0.498269
 18.549522	 -6.907327	 -3.287535	 0.536240	 1.154935	 0.498285
 18.550058	 -6.906172	 -3.287036	 0.536149	 1.154969	 0.498301
 18.550594	 -6.905018	 -3.286538	 0.536058	 1.155002	 0.498317
 18.551130	 -6.903863	 -3.286040	 0.535968	 1.155036	 0.498333
 18.551666	 -6.902707	 -3.285541	 0.535877	 1.155070	 0.498349
 18.552202	 -6.901552	 -3.285043	 0.535786	 1.155104	 0.498365
 18.552738	 -6.900397	 -3.284545	 0.535696	 1.155137	 0.498382
 18.553274	 -6.899242	 -3.284046	 0.535605	 1.155171	 0.498398
 18.553809	 -6.898087	 -3.283548	 0.535514	 1.155205	 0.498414
 18.554345	 -6.896932	 -3.283049	 0.535424	 1.155238	 0.498430
 18.554880	 -6.895777	 -3.282551	 0.535333	 1.155272	 0.498446
 18.555415	 -6.894621	 -3.282053	 0.535242	 1.155306	 0.498462
 18.555951	 -6.893466	 -3.281554	 0.535152	 1.155339	 0.498478
 18.556486	 -6.892311	 -3.281056	 0.535061	 1.155373	 0.498494
 18.557021	 -6.891155	 -3.280557	 0.534970	 1.155407	 0.498510
 18.557556	 -6.890000	 -3.280059	 0.534880	 1.155441	 0.498526
 18.558091	 -6.888844	 -3.279560	 0.534789	 1.155474	 0.498542
 18.558625	 -6.887689	 -3.279062	 0.534698	 1.155508	 0.498558
 18.559160	 -6.886533	 -3.278563	 0.534608	 1.155542	 0.498574
 18.559695	 -6.885378	 -3.278064	 0.534517	 1.155575	 0.498590
 18.560229	 -6.884222	 -3.277566	 0.534426	 1.155609	 0.498606
 18.560764	 -6.883067	 -3.277067	 0.534335	 1.155642	 0.498622
 18.561298	 -6.881911	 -3.276569	 0.534245	 1.155676	 0.498638
 18.561832	 -6.880755	 -3.276070	 0.534154	 1.155710	 0.498654
 18.562366	 -6.879600	 -3.275571	 0.534063	 1.155743	 0.498670
 18.562901	 -6.878444	 -3.275073	 0.533973	 1.155777	 0.498686
 18.563435	 -6.877288	 -3.274574	 0.533882	 1.155811	 0.498702
 18.563968	 -6.876132	 -3.274075	 0.533791	 1.155844	 0.498718
 18.564502	 -6.874976	 -3.273576	 0.533700	 1.155878	 0.498734
 18.565036	 -6.873821	 -3.273078	 0.533610	 1.155911	 0.498750
 18.565570	 -6.872665	 -3.272579	 0.533519	 1.155945	 0.498766
 18.566103	 -6.871509	 -3.272080	 0.533428	 1.155979	 0.498782
 18.566636	 -6.870353	 -3.271581	 0.533338	 1.156012	 0.498798
 18.567170	 -6.869197	 -3.271083	 0.533247	 1.156046	 0.498814
 18.567703	 -6.868041	 -3.270584	 0.533156	 1.156079	 0.498830
 18.568236	 -6.866885	 -3.270085	 0.533065	 1.156113	 0.498846
 18.568769	 -6.865729	 -3.269586	 0.532975	 1.156146	 0.498862
 18.569302	 -6.864572	 -3.269087	 0.532884	 1.156180	 0.498878
 18.569835	 -6.863416	 -3.268588	 0.532793	 1.156213	 0.498894
 18.570368	 -6.862260	 -3.268090	 0.532702	 1.156247	 0.498910
 18.570901	 -6.861104	 -3.267591	 0.532612	 1.156281	 0.498926
 18.571433	 -6.859947	 -3.267092	 0.532521	 1.156314	 0.498942
 18.571966	 -6.858791	 -3.266593	 0.532430	 1.156348	 0.498958
 18.572498	 -6.857635	 -3.266094	 0.532339	 1.156381	 0.498974
 18.573031	 -6.856478	 -3.265595	 0.532249	 1.156415	 0.498990
 18.573563	 -6.855322	 -3.265096	 0.532158	 1.156448	 0.499006
 18.574095	 -6.854166	 -3.264597	 0.532067	 1.156482	 0.499022
 18.574627	 -6.853009	 -3.264098	 0.531976	 1.156515	 0.499038
 18.575159	 -6.851853	 -3.263599	 0.531886	 1.156549	 0.499054
 18.575691	 -6.850696	 -3.263100	 0.531795	 1.156582	 0.499069
 18.576223	 -6.849539	 -3.262601	 0.531704	 1.156616	 0.499085
 18.576754	 -6.848383	 -3.262102	 0.531613	 1.156649	 0.499101
 18.577286	 -6.847226	 -3.261602	 0.531523	 1.156683	 0.499117
 18.577817	 -6.846069	 -3.261103	 0.531432	 1.156716	 0.499133
 18.578349	 -6.844913	 -3.260604	 0.531341	 1.156749	 0.499149
 18.578880	 -6.843756	 -3.260105	 0.531250	 1.156783	 0.499165
 18.579412	 -6.842599	 -3.259606	 0.531159	 1.156816	 0.499181
 18.579943	 -6.841442	 -3.259107	 0.531069	 1.156850	 0.499197
 18.580474	 -6.840286	 -3.258608	 0.530978	 1.156883	 0.499213
 18.581005	 -6.839129	 -3.258108	 0.530887	 1.156917	 0.499229
 18.581536	 -6.837972	 -3.257609	 0.530796	 1.156950	 0.499245
 18.582066	 -6.836815	 -3.257110	 0.530706	 1.156983	 0.499261
 18.582597	 -6.835658	 -3.256611	 0.530615	 1.157017	 0.499277
 18.583128	 -6.834501	 -3.256111	 0.530524	 1.157050	 0.499292
 18.583658	 -6.833344	 -3.255612	 0.530433	 1.157084	 0.499308
 18.584189	 -6.832187	 -3.255113	 0.530342	 1.157117	 0.499324
 18.584719	 -6.831030	 -3.254613	 0.530252	 1.157150	 0.499340
 18.585249	 -6.829872	 -3.254114	 0.530161	 1.157184	 0.499356
 18.585779	 -6.828715	 -3.253615	 0.530070	 1.157217	 0.499372
 18.586309	 -6.827558	 -3.253115	 0.529979	 1.157251	 0.499388
 18.586839	 -6.826401	 -3.252616	 0.529888	 1.157284	 0.499404
 18.587369	 -6.825243	 -3.252117	 0.529797	 1.157317	 0.499420
 18.587899	 -6.824086	 -3.251617	 0.529707	 1.157351	 0.499436
 18.588429	 -6.822929	 -3.251118	 0.529616	 1.157384	 0.499451
 18.588958	 -6.821771	 -3.250618	 0.529525	 1.157417	 0.499467
 18.589488	 -6.820614	 -3.250119	 0.529434	 1.157451	 0.499483
 18.590017	 -6.819457	 -3.249619	 0.529343	 1.157484	 0.499499
 18.590547	 -6.818299	 -3.249120	 0.529252	 1.157517	 0.499515
 18.591076	 -6.817142	 -3.248620	 0.529162	 1.157551	 0.499531
 18.591605	 -6.815984	 -3.248121	 0.529071	 1.157584	 0.499547
 18.592134	 -6.814826	 -3.247621	 0.528980	 1.157617	 0.499563
 18.592663	 -6.813669	 -3.247122	 0.528889	 1.157650	 0.499579
 18.593192	 -6.812511	 -3.246622	 0.528798	 1.157684	 0.499594
 18.593721	 -6.811353	 -3.246122	 0.528707	 1.157717	 0.499610
 18.594250	 -6.810196	 -3.245623	 0.528617	 1.157750	 0.499626
 18.594778	 -6.809038	 -3.245123	 0.528526	 1.157784	 0.499642
 18.595307	 -6.807880	 -3.244624	 0.528435	 1.157817	 0.499658
 18.595835	 -6.806722	 -3.244124	 0.528344	 1.157850	 0.499674
 18.596364	 -6.805565	 -3.243624	 0.528253	 1.157883	 0.499690
 18.596892	 -6.804407	 -3.243125	 0.528162	 1.157917	 0.499705
 18.597420	 -6.803249	 -3.242625	 0.528071	 1.157950	 0.499721
 18.597948	 -6.802091	 -3.242125	 0.527981	 1.157983	 0.499737
 18.598476	 -6.800933	 -3.241625	 0.527890	 1.158016	 0.499753
 18.599004	 -6.799775	 -3.241126	 0.527799	 1.158050	 0.499769
 18.599532	 -6.798617	 -3.240626	 0.527708	 1.158083	 0.499785
 18.600059	 -6.797459	 -3.240126	 0.527617	 1.158116	 0.499800
 18.600587	 -6.796301	 -3.239626	 0.527526	 1.158149	 0.499816
 18.601115	 -6.795142	 -3.239126	 0.527435	 1.158182	 0.499832
 18.601642	 -6.793984	 -3.238627	 0.527344	 1.158216	 0.499848
 18.602169	 -6.792826	 -3.238127	 0.527254	 1.158249	 0.499864
 18.602697	 -6.791668	 -3.237627	 0.527163	 1.158282	 0.499880
 18.603224	 -6.790509	 -3.237127	 0.527072	 1.158315	 0.499895
 18.603751	 -6.789351	 -3.236627	 0.526981	 1.158348	 0.499911
 18.604278	 -6.788193	 -3.236127	 0.526890	 1.158382	 0.499927
 18.604805	 -6.787034	 -3.235627	 0.526799	 1.158415	 0.499943
 18.605332	 -6.785876	 -3.235127	 0.526708	 1.158448	 0.499959
 18.605858	 -6.784718	 -3.234627	 0.526617	 1.158481	 0.499974
 18.606385	 -6.783559	 -3.234127	 0.526526	 1.158514	 0.499990
 18.606911	 -6.782401	 -3.233627	 0.526436	 1.158547	 0.500006
 18.607438	 -6.781242	 -3.233127	 0.526345	 1.158580	 0.500022
 18.607964	 -6.780083	 -3.232627	 0.526254	 1.158614	 0.500038
 18.608490	 -6.778925	 -3.232127	 0.526163	 1.158647	 0.500053
 18.609017	 -6.777766	 -3.231627	 0.526072	 1.158680	 0.500069
 18.609543	 -6.776608	 -3.231127	 0.525981	 1.158713	 0.500085
 18.610069	 -6.775449	 -3.230627	 0.525890	 1.158746	 0.500101
 18.610595	 -6.774290	 -3.230127	 0.525799	 1.158779	 0.500117
 18.611120	 -6.773131	 -3.229627	 0.525708	 1.158812	 0.500132
 18.611646	 -6.771972	 -3.229127	 0.525617	 1.158845	 0.500148
 18.612172	 -6.770814	 -3.228627	 0.525526	 1.158878	 0.500164
 18.612697	 -6.769655	 -3.228126	 0.525435	 1.158912	 0.500180
 18.613223	 -6.768496	 -3.227626	 0.525344	 1.158945	 0.500195
 18.613748	 -6.767337	 -3.227126	 0.525254	 1.158978	 0.500211
 18.614273	 -6.766178	 -3.226626	 0.525163	 1.159011	 0.500227
 18.614798	 -6.765019	 -3.226126	 0.525072	 1.159044	 0.500243
 18.615323	 -6.763860	 -3.225625	 0.524981	 1.159077	 0.500258
 18.615848	 -6.762701	 -3.225125	 0.524890	 1.159110	 0.500274
 18.616373	 -6.761542	 -3.224625	 0.524799	 1.159143	 0.500290
 18.616898	 -6.760383	 -3.224125	 0.524708	 1.159176	 0.500306
 18.617423	 -6.759223	 -3.223624	 0.524617	 1.159209	 0.500321
 18.617947	 -6.758064	 -3.223124	 0.524526	 1.159242	 0.500337
 18.618472	 -6.756905	 -3.222624	 0.524435	 1.159275	 0.500353
 18.618996	 -6.755746	 -3.222123	 0.524344	 1.159308	 0.500369
 18.619521	 -6.754586	 -3.221623	 0.524253	 1.159341	 0.500384
 18.620045	 -6.753427	 -3.221123	 0.524162	 1.159374	 0.500400
 18.620569	 -6.752268	 -3.220622	 0.524071	 1.159407	 0.500416
 18.621093	 -6.751108	 -3.220122	 0.523980	 1.159440	 0.500432
 18.621617	 -6.749949	 -3.219621	 0.523889	 1.159473	 0.500447
 18.622141	 -6.748789	 -3.219121	 0.523798	 1.159506	 0.500463
 18.622665	 -6.747630	 -3.218620	 0.523707	 1.159539	 0.500479
 18.623189	 -6.746470	 -3.218120	 0.523616	 1.159572	 0.500495
 18.623712	 -6.745311	 -3.217619	 0.523525	 1.159605	 0.500510
 18.624236	 -6.744151	 -3.217119	 0.523434	 1.159638	 0.500526
 18.624759	 -6.742991	 -3.216618	 0.523343	 1.159671	 0.500542
 18.625283	 -6.741832	 -3.216118	 0.523252	 1.159704	 0.500557
 18.625806	 -6.740672	 -3.215617	 0.523161	 1.159737	 0.500573
 18.626329	 -6.739512	 -3.215117	 0.523070	 1.159770	 0.500589
 18.626852	 -6.738353	 -3.214616	 0.522979	 1.159802	 0.500605
 18.627375	 -6.737193	 -3.214115	 0.522888	 1.159835	 0.500620
 18.627898	 -6.736033	 -3.213615	 0.522797	 1.159868	 0.500636
 18.628421	 -6.734873	 -3.213114	 0.522706	 1.159901	 0.500652
 18.628943	 -6.733713	 -3.212614	 0.522615	 1.159934	 0.500667
 18.629466	 -6.732553	 -3.212113	 0.522524	 1.159967	 0.500683
 18.629988	 -6.731393	 -3.211612	 0.522433	 1.160000	 0.500699
 18.630511	 -6.730233	 -3.211112	 0.522342	 1.160033	 0.500714
 18.631033	 -6.729073	 -3.210611	 0.522251	 1.160066	 0.500730
 18.631556	 -6.727913	 -3.210110	 0.522160	 1.160099	 0.500746
 18.632078	 -6.726753	 -3.209609	 0.522069	 1.160131	 0.500762
 18.632600	 -6.725593	 -3.209109	 0.521978	 1.160164	 0.500777
 18.633122	 -6.724433	 -3.208608	 0.521887	 1.160197	 0.500793
 18.633644	 -6.723273	 -3.208107	 0.521796	 1.160230	 0.500809
 18.634165	 -6.722112	 -3.207606	 0.521705	 1.160263	 0.500824
 18.634687	 -6.720952	 -3.207105	 0.521614	 1.160296	 0.500840
 18.635209	 -6.719792	 -3.206605	 0.521523	 1.160329	 0.500856
 18.635730	 -6.718631	 -3.206104	 0.521432	 1.160361	 0.500871
 18.636252	 -6.717471	 -3.205603	 0.521341	 1.160394	 0.500887
 18.636773	 -6.716311	 -3.205102	 0.521250	 1.160427	 0.500903
 18.637294	 -6.715150	 -3.204601	 0.521159	 1.160460	 0.500918
 18.637815	 -6.713990	 -3.204100	 0.521068	 1.160493	 0.500934
 18.638337	 -6.712829	 -3.203599	 0.520977	 1.160525	 0.500950
 18.638857	 -6.711669	 -3.203098	 0.520886	 1.160558	 0.500965
 18.639378	 -6.710508	 -3.202597	 0.520795	 1.160591	 0.500981
 18.639899	 -6.709348	 -3.202096	 0.520704	 1.160624	 0.500996
 18.640420	 -6.708187	 -3.201595	 0.520613	 1.160657	 0.501012
 18.640940	 -6.707026	 -3.201094	 0.520522	 1.160689	 0.501028
 18.641461	 -6.705866	 -3.200593	 0.520431	 1.160722	 0.501043
 18.641981	 -6.704705	 -3.200092	 0.520339	 1.160755	 0.501059
 18.642502	 -6.703544	 -3.199591	 0.520248	 1.160788	 0.501075
 18.643022	 -6.702383	 -3.199090	 0.520157	 1.160820	 0.501090
 18.643542	 -6.701223	 -3.198589	 0.520066	 1.160853	 0.501106
 18.644062	 -6.700062	 -3.198088	 0.519975	 1.160886	 0.501122
 18.644582	 -6.698901	 -3.197587	 0.519884	 1.160919	 0.501137
 18.645102	 -6.697740	 -3.197086	 0.519793	 1.160951	 0.501153
 18.645622	 -6.696579	 -3.196584	 0.519702	 1.160984	 0.501168
 18.646142	 -6.695418	 -3.196083	 0.519611	 1.161017	 0.501184
 18.646661	 -6.694257	 -3.195582	 0.519520	 1.161049	 0.501200
 18.647181	 -6.693096	 -3.195081	 0.519429	 1.161082	 0.501215
 18.647700	 -6.691935	 -3.194580	 0.519338	 1.161115	 0.501231
 18.648219	 -6.690774	 -3.194078	 0.519247	 1.161147	 0.501246
 18.648739	 -6.689613	 -3.193577	 0.519155	 1.161180	 0.501262
 18.649258	 -6.688451	 -3.193076	 0.519064	 1.161213	 0.501278
 18.649777	 -6.687290	 -3.192575	 0.518973	 1.161245	 0.501293
 18.650296	 -6.686129	 -3.192073	 0.518882	 1.161278	 0.501309
 18.650815	 -6.684968	 -3.191572	 0.518791	 1.161311	 0.501324
 18.651334	 -6.683806	 -3.191071	 0.518700	 1.161343	 0.501340
 18.651852	 -6.682645	 -3.190569	 0.518609	 1.161376	 0.501356
 18.652371	 -6.681484	 -3.190068	 0.518518	 1.161409	 0.501371
 18.652889	 -6.680322	 -3.189567	 0.518427	 1.161441	 0.501387
 18.653408	 -6.679161	 -3.189065	 0.518336	 1.161474	 0.501402
 18.653926	 -6.677999	 -3.188564	 0.518244	 1.161507	 0.501418
 18.654444	 -6.676838	 -3.188062	 0.518153	 1.161539	 0.501434
 18.654963	 -6.675676	 -3.187561	 0.518062	 1.161572	 0.501449
 18.655481	 -6.674515	 -3.187060	 0.517971	 1.161604	 0.501465
 18.655999	 -6.673353	 -3.186558	 0.517880	 1.161637	 0.501480
 18.656517	 -6.672191	 -3.186057	 0.517789	 1.161670	 0.501496
 18.657034	 -6.671030	 -3.185555	 0.517698	 1.161702	 0.501511
 18.657552	 -6.669868	 -3.185054	 0.517607	 1.161735	 0.501527
 18.658070	 -6.668706	 -3.184552	 0.517515	 1.161767	 0.501542
 18.658587	 -6.667545	 -3.184051	 0.517424	 1.161800	 0.501558
 18.659105	 -6.666383	 -3.183549	 0.517333	 1.161833	 0.501574
 18.659622	 -6.665221	 -3.183047	 0.517242	 1.161865	 0.501589
 18.660139	 -6.664059	 -3.182546	 0.517151	 1.161898	 0.501605
 18.660656	 -6.662897	 -3.182044	 0.517060	 1.161930	 0.501620
 18.661173	 -6.661735	 -3.181543	 0.516969	 1.161963	 0.501636
 18.661690	 -6.660573	 -3.181041	 0.516877	 1.161995	 0.501651
 18.662207	 -6.659411	 -3.180539	 0.516786	 1.162028	 0.501667
 18.662724	 -6.658249	 -3.180038	 0.516695	 1.162060	 0.501682
 18.663241	 -6.657087	 -3.179536	 0.516604	 1.162093	 0.501698
 18.663757	 -6.655925	 -3.179034	 0.516513	 1.162125	 0.501713
 18.664274	 -6.654763	 -3.178533	 0.516422	 1.162158	 0.501729
 18.664790	 -6.653601	 -3.178031	 0.516330	 1.162190	 0.501744
 18.665307	 -6.652439	 -3.177529	 0.516239	 1.162223	 0.501760
 18.665823	 -6.651276	 -3.177027	 0.516148	 1.162255	 0.501776
 18.666339	 -6.650114	 -3.176526	 0.516057	 1.162288	 0.501791
 18.666855	 -6.648952	 -3.176024	 0.515966	 1.162320	 0.501807
 18.667371	 -6.647790	 -3.175522	 0.515875	 1.162353	 0.501822
 18.667887	 -6.646627	 -3.175020	 0.515783	 1.162385	 0.501838
 18.668403	 -6.645465	 -3.174518	 0.515692	 1.162418	 0.501853
 18.668918	 -6.644302	 -3.174016	 0.515601	 1.162450	 0.501869
 18.669434	 -6.643140	 -3.173515	 0.515510	 1.162483	 0.501884
 18.669949	 -6.641977	 -3.173013	 0.515419	 1.162515	 0.501900
 18.670465	 -6.640815	 -3.172511	 0.515327	 1.162548	 0.501915
 18.670980	 -6.639652	 -3.172009	 0.515236	 1.162580	 0.501931
 18.671495	 -6.638490	 -3.171507	 0.515145	 1.162612	 0.501946
 18.672011	 -6.637327	 -3.171005	 0.515054	 1.162645	 0.501962
 18.672526	 -6.636165	 -3.170503	 0.514963	 1.162677	 0.501977
 18.673041	 -6.635002	 -3.170001	 0.514871	 1.162710	 0.501993
 18.673555	 -6.633839	 -3.169499	 0.514780	 1.162742	 0.502008
 18.674070	 -6.632676	 -3.168997	 0.514689	 1.162775	 0.502024
 18.674585	 -6.631514	 -3.168495	 0.514598	 1.162807	 0.502039
 18.675099	 -6.630351	 -3.167993	 0.514507	 1.162839	 0.502054
 18.675614	 -6.629188	 -3.167491	 0.514415	 1.162872	 0.502070
 18.676128	 -6.628025	 -3.166989	 0.514324	 1.162904	 0.502085
 18.676643	 -6.626862	 -3.166487	 0.514233	 1.162936	 0.502101
 18.677157	 -6.625699	 -3.165985	 0.514142	 1.162969	 0.502116
 18.677671	 -6.624536	 -3.165483	 0.514051	 1.163001	 0.502132
 18.678185	 -6.623373	 -3.164980	 0.513959	 1.163034	 0.502147
 18.678699	 -6.622210	 -3.164478	 0.513868	 1.163066	 0.502163
 18.679213	 -6.621047	 -3.163976	 0.513777	 1.163098	 0.502178
 18.679727	 -6.619884	 -3.163474	 0.513686	 1.163131	 0.502194
 18.680240	 -6.618721	 -3.162972	 0.513594	 1.163163	 0.502209
 18.680754	 -6.617558	 -3.162470	 0.513503	 1.163195	 0.502225
 18.681268	 -6.616395	 -3.161967	 0.513412	 1.163228	 0.502240
 18.681781	 -6.615231	 -3.161465	 0.513321	 1.163260	 0.502255
 18.682294	 -6.614068	 -3.160963	 0.513229	 1.163292	 0.502271
 18.682808	 -6.612905	 -3.160461	 0.513138	 1.163325	 0.502286
 18.683321	 -6.611741	 -3.159958	 0.513047	 1.163357	 0.502302
 18.683834	 -6.610578	 -3.159456	 0.512956	 1.163389	 0.502317
 18.684347	 -6.609415	 -3.158954	 0.512864	 1.163421	 0.502333
 18.684860	 -6.608251	 -3.158451	 0.512773	 1.163454	 0.502348
 18.685372	 -6.607088	 -3.157949	 0.512682	 1.163486	 0.502363
 18.685885	 -6.605924	 -3.157447	 0.512591	 1.163518	 0.502379
 18.686398	 -6.604761	 -3.156944	 0.512499	 1.163550	 0.502394
 18.686910	 -6.603597	 -3.156442	 0.512408	 1.163583	 0.502410
 18.687422	 -6.602434	 -3.155939	 0.512317	 1.163615	 0.502425
 18.687935	 -6.601270	 -3.155437	 0.512226	 1.163647	 0.502441
 18.688447	 -6.600106	 -3.154935	 0.512134	 1.163679	 0.502456
 18.688959	 -6.598943	 -3.154432	 0.512043	 1.163712	 0.502471
 18.689471	 -6.597779	 -3.153930	 0.511952	 1.163744	 0.502487
 18.689983	 -6.596615	 -3.153427	 0.511861	 1.163776	 0.502502
 18.690495	 -6.595452	 -3.152925	 0.511769	 1.163808	 0.502518
 18.691007	 -6.594288	 -3.152422	 0.511678	 1.163841	 0.502533
 18.691518	 -6.593124	 -3.151920	 0.511587	 1.163873	 0.502548
 18.692030	 -6.591960	 -3.151417	 0.511495	 1.163905	 0.502564
 18.692542	 -6.590796	 -3.150914	 0.511404	 1.163937	 0.502579
 18.693053	 -6.589632	 -3.150412	 0.511313	 1.163969	 0.502595
 18.693564	 -6.588468	 -3.149909	 0.511222	 1.164002	 0.502610
 18.694075	 -6.587304	 -3.149407	 0.511130	 1.164034	 0.502625
 18.694587	 -6.586140	 -3.148904	 0.511039	 1.164066	 0.502641
 18.695098	 -6.584976	 -3.148401	 0.510948	 1.164098	 0.502656
 18.695609	 -6.583812	 -3.147899	 0.510856	 1.164130	 0.502671
 18.696119	 -6.582648	 -3.147396	 0.510765	 1.164162	 0.502687
 18.696630	 -6.581484	 -3.146893	 0.510674	 1.164195	 0.502702
 18.697141	 -6.580320	 -3.146391	 0.510582	 1.164227	 0.502718
 18.697651	 -6.579155	 -3.145888	 0.510491	 1.164259	 0.502733
 18.698162	 -6.577991	 -3.145385	 0.510400	 1.164291	 0.502748
 18.698672	 -6.576827	 -3.144883	 0.510308	 1.164323	 0.502764
 18.699183	 -6.575662	 -3.144380	 0.510217	 1.164355	 0.502779
 18.699693	 -6.574498	 -3.143877	 0.510126	 1.164387	 0.502794
 18.700203	 -6.573334	 -3.143374	 0.510035	 1.164419	 0.502810
 18.700713	 -6.572169	 -3.142871	 0.509943	 1.164451	 0.502825
 18.701223	 -6.571005	 -3.142369	 0.509852	 1.164484	 0.502840
 18.701733	 -6.569840	 -3.141866	 0.509761	 1.164516	 0.502856
 18.702243	 -6.568676	 -3.141363	 0.509669	 1.164548	 0.502871
 18.702752	 -6.567511	 -3.140860	 0.509578	 1.164580	 0.502886
 18.703262	 -6.566347	 -3.140357	 0.509487	 1.164612	 0.502902
 18.703771	 -6.565182	 -3.139854	 0.509395	 1.164644	 0.502917
 18.704281	 -6.564017	 -3.139351	 0.509304	 1.164676	 0.502932
 18.704790	 -6.562853	 -3.138848	 0.509213	 1.164708	 0.502948
 18.705299	 -6.561688	 -3.138345	 0.509121	 1.164740	 0.502963
 18.705808	 -6.560523	 -3.137842	 0.509030	 1.164772	 0.502978
 18.706317	 -6.559359	 -3.137339	 0.508938	 1.164804	 0.502994
 18.706826	 -6.558194	 -3.136836	 0.508847	 1.164836	 0.503009
 18.707335	 -6.557029	 -3.136333	 0.508756	 1.164868	 0.503024
 18.707844	 -6.555864	 -3.135830	 0.508664	 1.164900	 0.503040
 18.708353	 -6.554699	 -3.135327	 0.508573	 1.164932	 0.503055
 18.708861	 -6.553534	 -3.134824	 0.508482	 1.164964	 0.503070
 18.709370	 -6.552369	 -3.134321	 0.508390	 1.164996	 0.503086
 18.709878	 -6.551204	 -3.133818	 0.508299	 1.165028	 0.503101
 18.710386	 -6.550039	 -3.133315	 0.508208	 1.165060	 0.503116
 18.710895	 -6.548874	 -3.132812	 0.508116	 1.165092	 0.503132
 18.711403	 -6.547709	 -3.132309	 0.508025	 1.165124	 0.503147
 18.711911	 -6.546544	 -3.131806	 0.507933	 1.165156	 0.503162
 18.712419	 -6.545379	 -3.131303	 0.507842	 1.165188	 0.503177
 18.712926	 -6.544214	 -3.130799	 0.507751	 1.165220	 0.503193
 18.713434	 -6.543048	 -3.130296	 0.507659	 1.165252	 0.503208
 18.713942	 -6.541883	 -3.129793	 0.507568	 1.165284	 0.503223
 18.714449	 -6.540718	 -3.129290	 0.507477	 1.165316	 0.503239
 18.714957	 -6.539553	 -3.128786	 0.507385	 1.165348	 0.503254
 18.715464	 -6.538387	 -3.128283	 0.507294	 1.165380	 0.503269
 18.715972	 -6.537222	 -3.127780	 0.507202	 1.165412	 0.503284
 18.716479	 -6.536056	 -3.127277	 0.507111	 1.165444	 0.503300
 18.716986	 -6.534891	 -3.126773	 0.507020	 1.165476	 0.503315
 18.717493	 -6.533725	 -3.126270	 0.506928	 1.165508	 0.503330
 18.718000	 -6.532560	 -3.125767	 0.506837	 1.165540	 0.503346
 18.718507	 -6.531394	 -3.125263	 0.506745	 1.165571	 0.503361
 18.719013	 -6.530229	 -3.124760	 0.506654	 1.165603	 0.503376
 18.719520	 -6.529063	 -3.124257	 0.506563	 1.165635	 0.503391
 18.720027	 -6.527898	 -3.123753	 0.506471	 1.165667	 0.503407
 18.720533	 -6.526732	 -3.123250	 0.506380	 1.165699	 0.503422
 18.721040	 -6.525566	 -3.122746	 0.506288	 1.165731	 0.503437
 18.721546	 -6.524401	 -3.122243	 0.506197	 1.165763	 0.503452
 18.722052	 -6.523235	 -3.121740	 0.506105	 1.165795	 0.503468
 18.722558	 -6.522069	 -3.121236	 0.506014	 1.165826	 0.503483
 18.723064	 -6.520903	 -3.120733	 0.505923	 1.165858	 0.503498
 18.723570	 -6.519737	 -3.120229	 0.505831	 1.165890	 0.503513
 18.724076	 -6.518571	 -3.119726	 0.505740	 1.165922	 0.503529
 18.724582	 -6.517405	 -3.119222	 0.505648	 1.165954	 0.503544
 18.725087	 -6.516239	 -3.118719	 0.505557	 1.165986	 0.503559
 18.725593	 -6.515074	 -3.118215	 0.505465	 1.166017	 0.503574
 18.726098	 -6.513907	 -3.117711	 0.505374	 1.166049	 0.503589
 18.726604	 -6.512741	 -3.117208	 0.505283	 1.166081	 0.503605
 18.727109	 -6.511575	 -3.116704	 0.505191	 1.166113	 0.503620
 18.727614	 -6.510409	 -3.116201	 0.505100	 1.166145	 0.503635
 18.728119	 -6.509243	 -3.115697	 0.505008	 1.166176	 0.503650
 18.728624	 -6.508077	 -3.115193	 0.504917	 1.166208	 0.503666
 18.729129	 -6.506911	 -3.114690	 0.504825	 1.166240	 0.503681
 18.729634	 -6.505744	 -3.114186	 0.504734	 1.166272	 0.503696
 18.730139	 -6.504578	 -3.113682	 0.504642	 1.166304	 0.503711
 18.730643	 -6.503412	 -3.113179	 0.504551	 1.166335	 0.503726
 18.731148	 -6.502246	 -3.112675	 0.504460	 1.166367	 0.503742
 18.731652	 -6.501079	 -3.112171	 0.504368	 1.166399	 0.503757
 18.732157	 -6.499913	 -3.111667	 0.504277	 1.166431	 0.503772
 18.732661	 -6.498746	 -3.111164	 0.504185	 1.166462	 0.503787
 18.733165	 -6.497580	 -3.110660	 0.504094	 1.166494	 0.503802
 18.733669	 -6.496413	 -3.110156	 0.504002	 1.166526	 0.503818
 18.734173	 -6.495247	 -3.109652	 0.503911	 1.166557	 0.503833
 18.734677	 -6.494080	 -3.109148	 0.503819	 1.166589	 0.503848
 18.735181	 -6.492914	 -3.108644	 0.503728	 1.166621	 0.503863
 18.735685	 -6.491747	 -3.108141	 0.503636	 1.166653	 0.503878
 18.736188	 -6.490580	 -3.107637	 0.503545	 1.166684	 0.503893
 18.736692	 -6.489414	 -3.107133	 0.503453	 1.166716	 0.503909
 18.737195	 -6.488247	 -3.106629	 0.503362	 1.166748	 0.503924
 18.737699	 -6.487080	 -3.106125	 0.503270	 1.166779	 0.503939
 18.738202	 -6.485914	 -3.105621	 0.503179	 1.166811	 0.503954
 18.738705	 -6.484747	 -3.105117	 0.503087	 1.166843	 0.503969
 18.739208	 -6.483580	 -3.104613	 0.502996	 1.166874	 0.503984
 18.739711	 -6.482413	 -3.104109	 0.502904	 1.166906	 0.504000
 18.740214	 -6.481246	 -3.103605	 0.502813	 1.166938	 0.504015
 18.740717	 -6.480079	 -3.103101	 0.502721	 1.166969	 0.504030
 18.741220	 -6.478912	 -3.102597	 0.502630	 1.167001	 0.504045
 18.741722	 -6.477745	 -3.102093	 0.502538	 1.167033	 0.504060
 18.742225	 -6.476578	 -3.101589	 0.502447	 1.167064	 0.504075
 18.742727	 -6.475411	 -3.101085	 0.502355	 1.167096	 0.504091
 18.743230	 -6.474244	 -3.100581	 0.502264	 1.167127	 0.504106
 18.743732	 -6.473077	 -3.100077	 0.502172	 1.167159	 0.504121
 18.744234	 -6.471910	 -3.099573	 0.502081	 1.167191	 0.504136
 18.744736	 -6.470743	 -3.099068	 0.501989	 1.167222	 0.504151
 18.745238	 -6.469575	 -3.098564	 0.501898	 1.167254	 0.504166
 18.745740	 -6.468408	 -3.098060	 0.501806	 1.167285	 0.504181
 18.746242	 -6.467241	 -3.097556	 0.501715	 1.167317	 0.504196
 18.746744	 -6.466073	 -3.097052	 0.501623	 1.167349	 0.504212
 18.747245	 -6.464906	 -3.096548	 0.501532	 1.167380	 0.504227
 18.747747	 -6.463739	 -3.096043	 0.501440	 1.167412	 0.504242
 18.748248	 -6.462571	 -3.095539	 0.501348	 1.167443	 0.504257
 18.748750	 -6.461404	 -3.095035	 0.501257	 1.167475	 0.504272
 18.749251	 -6.460236	 -3.094531	 0.501165	 1.167506	 0.504287
 18.749752	 -6.459069	 -3.094026	 0.501074	 1.167538	 0.504302
 18.750253	 -6.457901	 -3.093522	 0.500982	 1.167570	 0.504317
 18.750754	 -6.456734	 -3.093018	 0.500891	 1.167601	 0.504333
 18.751255	 -6.455566	 -3.092513	 0.500799	 1.167633	 0.504348
 18.751756	 -6.454399	 -3.092009	 0.500708	 1.167664	 0.504363
 18.752256	 -6.453231	 -3.091505	 0.500616	 1.167696	 0.504378
 18.752757	 -6.452063	 -3.091000	 0.500525	 1.167727	 0.504393
 18.753258	 -6.450895	 -3.090496	 0.500433	 1.167759	 0.504408
 18.753758	 -6.449728	 -3.089991	 0.500341	 1.167790	 0.504423
 18.754258	 -6.448560	 -3.089487	 0.500250	 1.167822	 0.504438
 18.754759	 -6.447392	 -3.088983	 0.500158	 1.167853	 0.504453
 18.755259	 -6.446224	 -3.088478	 0.500067	 1.167885	 0.504468
 18.755759	 -6.445056	 -3.087974	 0.499975	 1.167916	 0.504483
 18.756259	 -6.443888	 -3.087469	 0.499884	 1.167948	 0.504498
 18.756759	 -6.442720	 -3.086965	 0.499792	 1.167979	 0.504514
 18.757258	 -6.441553	 -3.086460	 0.499700	 1.168010	 0.504529
 18.757758	 -6.440384	 -3.085956	 0.499609	 1.168042	 0.504544
 18.758258	 -6.439216	 -3.085451	 0.499517	 1.168073	 0.504559
 18.758757	 -6.438048	 -3.084947	 0.499426	 1.168105	 0.504574
 18.759257	 -6.436880	 -3.084442	 0.499334	 1.168136	 0.504589
 18.759756	 -6.435712	 -3.083937	 0.499242	 1.168168	 0.504604
 18.760255	 -6.434544	 -3.083433	 0.499151	 1.168199	 0.504619
 18.760754	 -6.433376	 -3.082928	 0.499059	 1.168230	 0.504634
 18.761254	 -6.432208	 -3.082423	 0.498968	 1.168262	 0.504649
 18.761752	 -6.431039	 -3.081919	 0.498876	 1.168293	 0.504664
 18.762251	 -6.429871	 -3.081414	 0.498784	 1.168325	 0.504679
 18.762750	 -6.428703	 -3.080909	 0.498693	 1.168356	 0.504694
 18.763249	 -6.427534	 -3.080405	 0.498601	 1.168387	 0.504709
 18.763747	 -6.426366	 -3.079900	 0.498510	 1.168419	 0.504724
 18.764246	 -6.425198	 -3.079395	 0.498418	 1.168450	 0.504739
 18.764744	 -6.424029	 -3.078891	 0.498326	 1.168482	 0.504754
 18.765243	 -6.422861	 -3.078386	 0.498235	 1.168513	 0.504769
 18.765741	 -6.421692	 -3.077881	 0.498143	 1.168544	 0.504784
 18.766239	 -6.420524	 -3.077376	 0.498052	 1.168576	 0.504800
 18.766737	 -6.419355	 -3.076872	 0.497960	 1.168607	 0.504815
 18.767235	 -6.418186	 -3.076367	 0.497868	 1.168638	 0.504830
 18.767733	 -6.417018	 -3.075862	 0.497777	 1.168670	 0.504845
 18.768231	 -6.415849	 -3.075357	 0.497685	 1.168701	 0.504860
 18.768728	 -6.414680	 -3.074852	 0.497593	 1.168732	 0.504875
 18.769226	 -6.413512	 -3.074347	 0.497502	 1.168764	 0.504890
 18.769723	 -6.412343	 -3.073842	 0.497410	 1.168795	 0.504905
 18.770221	 -6.411174	 -3.073337	 0.497319	 1.168826	 0.504920
 18.770718	 -6.410005	 -3.072833	 0.497227	 1.168858	 0.504935
 18.771215	 -6.408836	 -3.072328	 0.497135	 1.168889	 0.504950
 18.771713	 -6.407667	 -3.071823	 0.497044	 1.168920	 0.504965
 18.772210	 -6.406499	 -3.071318	 0.496952	 1.168951	 0.504980
 18.772707	 -6.405330	 -3.070813	 0.496860	 1.168983	 0.504995
 18.773203	 -6.404161	 -3.070308	 0.496769	 1.169014	 0.505010
 18.773700	 -6.402992	 -3.069803	 0.496677	 1.169045	 0.505025
 18.774197	 -6.401823	 -3.069298	 0.496585	 1.169077	 0.505040
 18.774693	 -6.400653	 -3.068793	 0.496494	 1.169108	 0.505055
 18.775190	 -6.399484	 -3.068288	 0.496402	 1.169139	 0.505070
 18.775686	 -6.398315	 -3.067783	 0.496310	 1.169170	 0.505085
 18.776183	 -6.397146	 -3.067277	 0.496219	 1.169201	 0.505100
 18.776679	 -6.395977	 -3.066772	 0.496127	 1.169233	 0.505114
 18.777175	 -6.394808	 -3.066267	 0.496035	 1.169264	 0.505129
 18.777671	 -6.393638	 -3.065762	 0.495944	 1.169295	 0.505144
 18.778167	 -6.392469	 -3.065257	 0.495852	 1.169326	 0.505159
 18.778663	 -6.391300	 -3.064752	 0.495760	 1.169358	 0.505174
 18.779159	 -6.390130	 -3.064247	 0.495669	 1.169389	 0.505189
 18.779654	 -6.388961	 -3.063741	 0.495577	 1.169420	 0.505204
 18.780150	 -6.387792	 -3.063236	 0.495485	 1.169451	 0.505219
 18.780645	 -6.386622	 -3.062731	 0.495394	 1.169482	 0.505234
 18.781141	 -6.385453	 -3.062226	 0.495302	 1.169514	 0.505249
 18.781636	 -6.384283	 -3.061721	 0.495210	 1.169545	 0.505264
 18.782131	 -6.383114	 -3.061215	 0.495119	 1.169576	 0.505279
 18.782626	 -6.381944	 -3.060710	 0.495027	 1.169607	 0.505294
 18.783121	 -6.380774	 -3.060205	 0.494935	 1.169638	 0.505309
 18.783616	 -6.379605	 -3.059699	 0.494844	 1.169669	 0.505324
 18.784111	 -6.378435	 -3.059194	 0.494752	 1.169701	 0.505339
 18.784606	 -6.377265	 -3.058689	 0.494660	 1.169732	 0.505354
 18.785101	 -6.376096	 -3.058183	 0.494568	 1.169763	 0.505369
 18.785595	 -6.374926	 -3.057678	 0.494477	 1.169794	 0.505384
 18.786090	 -6.373756	 -3.057173	 0.494385	 1.169825	 0.505399
 18.786584	 -6.372586	 -3.056667	 0.494293	 1.169856	 0.505413
 18.787078	 -6.371416	 -3.056162	 0.494202	 1.169887	 0.505428
 18.787573	 -6.370247	 -3.055656	 0.494110	 1.169918	 0.505443
 18.788067	 -6.369077	 -3.055151	 0.494018	 1.169949	 0.505458
 18.788561	 -6.367907	 -3.054645	 0.493926	 1.169981	 0.505473
 18.789055	 -6.366737	 -3.054140	 0.493835	 1.170012	 0.505488
 18.789548	 -6.365567	 -3.053635	 0.493743	 1.170043	 0.505503
 18.790042	 -6.364397	 -3.053129	 0.493651	 1.170074	 0.505518
 18.790536	 -6.363227	 -3.052624	 0.493560	 1.170105	 0.505533
 18.791029	 -6.362056	 -3.052118	 0.493468	 1.170136	 0.505548
 18.791523	 -6.360886	 -3.051612	 0.493376	 1.170167	 0.505563
 18.792016	 -6.359716	 -3.051107	 0.493284	 1.170198	 0.505577
 18.792509	 -6.358546	 -3.050601	 0.493193	 1.170229	 0.505592
 18.793003	 -6.357376	 -3.050096	 0.493101	 1.170260	 0.505607
 18.793496	 -6.356205	 -3.049590	 0.493009	 1.170291	 0.505622
 18.793989	 -6.355035	 -3.049084	 0.492917	 1.170322	 0.505637
 18.794482	 -6.353865	 -3.048579	 0.492826	 1.170353	 0.505652
 18.794975	 -6.352694	 -3.048073	 0.492734	 1.170384	 0.505667
 18.795467	 -6.351524	 -3.047568	 0.492642	 1.170415	 0.505682
 18.795960	 -6.350354	 -3.047062	 0.492550	 1.170446	 0.505697
 18.796452	 -6.349183	 -3.046556	 0.492459	 1.170477	 0.505711
 18.796945	 -6.348013	 -3.046050	 0.492367	 1.170508	 0.505726
 18.797437	 -6.346842	 -3.045545	 0.492275	 1.170539	 0.505741
 18.797930	 -6.345672	 -3.045039	 0.492183	 1.170570	 0.505756
 18.798422	 -6.344501	 -3.044533	 0.492092	 1.170601	 0.505771
 18.798914	 -6.343331	 -3.044027	 0.492000	 1.170632	 0.505786
 18.799406	 -6.342160	 -3.043522	 0.491908	 1.170663	 0.505801
 18.799898	 -6.340989	 -3.043016	 0.491816	 1.170694	 0.505815
 18.800390	 -6.339819	 -3.042510	 0.491724	 1.170725	 0.505830
 18.800881	 -6.338648	 -3.042004	 0.491633	 1.170756	 0.505845
 18.801373	 -6.337477	 -3.041498	 0.491541	 1.170787	 0.505860
 18.801864	 -6.336306	 -3.040992	 0.491449	 1.170818	 0.505875
 18.802356	 -6.335135	 -3.040487	 0.491357	 1.170849	 0.505890
 18.802847	 -6.333965	 -3.039981	 0.491266	 1.170880	 0.505905
 18.803339	 -6.332794	 -3.039475	 0.491174	 1.170911	 0.505919
 18.803830	 -6.331623	 -3.038969	 0.491082	 1.170942	 0.505934
 18.804321	 -6.330452	 -3.038463	 0.490990	 1.170972	 0.505949
 18.804812	 -6.329281	 -3.037957	 0.490898	 1.171003	 0.505964
 18.805303	 -6.328110	 -3.037451	 0.490807	 1.171034	 0.505979
 18.805793	 -6.326939	 -3.036945	 0.490715	 1.171065	 0.505994
 18.806284	 -6.325768	 -3.036439	 0.490623	 1.171096	 0.506008
 18.806775	 -6.324597	 -3.035933	 0.490531	 1.171127	 0.506023
 18.807265	 -6.323426	 -3.035427	 0.490439	 1.171158	 0.506038
 18.807756	 -6.322254	 -3.034921	 0.490348	 1.171189	 0.506053
 18.808246	 -6.321083	 -3.034415	 0.490256	 1.171219	 0.506068
 18.808736	 -6.319912	 -3.033909	 0.490164	 1.171250	 0.506082
 18.809227	 -6.318741	 -3.033403	 0.490072	 1.171281	 0.506097
 18.809717	 -6.317569	 -3.032897	 0.489980	 1.171312	 0.506112
 18.810207	 -6.316398	 -3.032391	 0.489889	 1.171343	 0.506127
 18.810696	 -6.315227	 -3.031884	 0.489797	 1.171374	 0.506142
 18.811186	 -6.314055	 -3.031378	 0.489705	 1.171405	 0.506157
 18.811676	 -6.312884	 -3.030872	 0.489613	 1.171435	 0.506171
 18.812166	 -6.311713	 -3.030366	 0.489521	 1.171466	 0.506186
 18.812655	 -6.310541	 -3.029860	 0.489429	 1.171497	 0.506201
 18.813145	 -6.309370	 -3.029354	 0.489338	 1.171528	 0.506216
 18.813634	 -6.308198	 -3.028847	 0.489246	 1.171559	 0.506230
 18.814123	 -6.307027	 -3.028341	 0.489154	 1.171589	 0.506245
 18.814612	 -6.305855	 -3.027835	 0.489062	 1.171620	 0.506260
 18.815101	 -6.304683	 -3.027329	 0.488970	 1.171651	 0.506275
 18.815590	 -6.303512	 -3.026822	 0.488878	 1.171682	 0.506290
 18.816079	 -6.302340	 -3.026316	 0.488787	 1.171712	 0.506304
 18.816568	 -6.301168	 -3.025810	 0.488695	 1.171743	 0.506319
 18.817057	 -6.299997	 -3.025303	 0.488603	 1.171774	 0.506334
 18.817545	 -6.298825	 -3.024797	 0.488511	 1.171805	 0.506349
 18.818034	 -6.297653	 -3.024291	 0.488419	 1.171836	 0.506363
 18.818522	 -6.296481	 -3.023784	 0.488327	 1.171866	 0.506378
 18.819011	 -6.295309	 -3.023278	 0.488236	 1.171897	 0.506393
 18.819499	 -6.294137	 -3.022772	 0.488144	 1.171928	 0.506408
 18.819987	 -6.292965	 -3.022265	 0.488052	 1.171958	 0.506422
 18.820475	 -6.291794	 -3.021759	 0.487960	 1.171989	 0.506437
 18.820963	 -6.290622	 -3.021252	 0.487868	 1.172020	 0.506452
 18.821451	 -6.289449	 -3.020746	 0.487776	 1.172051	 0.506467
 18.821939	 -6.288277	 -3.020239	 0.487684	 1.172081	 0.506481
 18.822426	 -6.287105	 -3.019733	 0.487592	 1.172112	 0.506496
 18.822914	 -6.285933	 -3.019226	 0.487501	 1.172143	 0.506511
 18.823401	 -6.284761	 -3.018720	 0.487409	 1.172173	 0.506526
 18.823889	 -6.283589	 -3.018213	 0.487317	 1.172204	 0.506540
 18.824376	 -6.282417	 -3.017707	 0.487225	 1.172235	 0.506555
 18.824863	 -6.281244	 -3.017200	 0.487133	 1.172265	 0.506570
 18.825350	 -6.280072	 -3.016694	 0.487041	 1.172296	 0.506585
 18.825837	 -6.278900	 -3.016187	 0.486949	 1.172327	 0.506599
 18.826324	 -6.277728	 -3.015681	 0.486857	 1.172357	 0.506614
 18.826811	 -6.276555	 -3.015174	 0.486766	 1.172388	 0.506629
 18.827298	 -6.275383	 -3.014667	 0.486674	 1.172419	 0.506643
 18.827785	 -6.274210	 -3.014161	 0.486582	 1.172449	 0.506658
 18.828271	 -6.273038	 -3.013654	 0.486490	 1.172480	 0.506673
 18.828758	 -6.271866	 -3.013147	 0.486398	 1.172510	 0.506688
 18.829244	 -6.270693	 -3.012641	 0.486306	 1.172541	 0.506702
 18.829731	 -6.269520	 -3.012134	 0.486214	 1.172572	 0.506717
 18.830217	 -6.268348	 -3.011627	 0.486122	 1.172602	 0.506732
 18.830703	 -6.267175	 -3.011121	 0.486030	 1.172633	 0.506746
 18.831189	 -6.266003	 -3.010614	 0.485938	 1.172663	 0.506761
 18.831675	 -6.264830	 -3.010107	 0.485847	 1.172694	 0.506776
 18.832161	 -6.263657	 -3.009600	 0.485755	 1.172725	 0.506791
 18.832646	 -6.262485	 -3.009093	 0.485663	 1.172755	 0.506805
 18.833132	 -6.261312	 -3.008587	 0.485571	 1.172786	 0.506820
 18.833618	 -6.260139	 -3.008080	 0.485479	 1.172816	 0.506835
 18.834103	 -6.258966	 -3.007573	 0.485387	 1.172847	 0.506849
 18.834589	 -6.257793	 -3.007066	 0.485295	 1.172877	 0.506864
 18.835074	 -6.256620	 -3.006559	 0.485203	 1.172908	 0.506879
 18.835559	 -6.255448	 -3.006052	 0.485111	 1.172938	 0.506893
 18.836044	 -6.254275	 -3.005546	 0.485019	 1.172969	 0.506908
 18.836529	 -6.253102	 -3.005039	 0.484927	 1.173000	 0.506923
 18.837014	 -6.251929	 -3.004532	 0.484835	 1.173030	 0.506937
 18.837499	 -6.250756	 -3.004025	 0.484743	 1.173061	 0.506952
 18.837984	 -6.249583	 -3.003518	 0.484651	 1.173091	 0.506967
 18.838468	 -6.248409	 -3.003011	 0.484559	 1.173122	 0.506981
 18.838953	 -6.247236	 -3.002504	 0.484468	 1.173152	 0.506996
 18.839437	 -6.246063	 -3.001997	 0.484376	 1.173183	 0.507011
 18.839922	 -6.244890	 -3.001490	 0.484284	 1.173213	 0.507025
 18.840406	 -6.243717	 -3.000983	 0.484192	 1.173244	 0.507040
 18.840890	 -6.242544	 -3.000476	 0.484100	 1.173274	 0.507055
 18.841374	 -6.241370	 -2.999969	 0.484008	 1.173304	 0.507069
 18.841858	 -6.240197	 -2.999462	 0.483916	 1.173335	 0.507084
 18.842342	 -6.239024	 -2.998955	 0.483824	 1.173365	 0.507098
 18.842826	 -6.237850	 -2.998447	 0.483732	 1.173396	 0.507113
 18.843310	 -6.236677	 -2.997940	 0.483640	 1.173426	 0.507128
 18.843793	 -6.235503	 -2.997433	 0.483548	 1.173457	 0.507142
 18.844277	 -6.234330	 -2.996926	 0.483456	 1.173487	 0.507157
 18.844760	 -6.233157	 -2.996419	 0.483364	 1.173518	 0.507172
 18.845244	 -6.231983	 -2.995912	 0.483272	 1.173548	 0.507186
 18.845727	 -6.230809	 -2.995405	 0.483180	 1.173578	 0.507201
 18.846210	 -6.229636	 -2.994897	 0.483088	 1.173609	 0.507215
 18.846693	 -6.228462	 -2.994390	 0.482996	 1.173639	 0.507230
 18.847176	 -6.227289	 -2.993883	 0.482904	 1.173670	 0.507245
 18.847659	 -6.226115	 -2.993376	 0.482812	 1.173700	 0.507259
 18.848142	 -6.224941	 -2.992868	 0.482720	 1.173730	 0.507274
 18.848625	 -6.223768	 -2.992361	 0.482628	 1.173761	 0.507289
 18.849107	 -6.222594	 -2.991854	 0.482536	 1.173791	 0.507303
 18.849590	 -6.221420	 -2.991347	 0.482444	 1.173822	 0.507318
 18.850072	 -6.220246	 -2.990839	 0.482352	 1.173852	 0.507332
 18.850555	 -6.219072	 -2.990332	 0.482260	 1.173882	 0.507347
 18.851037	 -6.217898	 -2.989825	 0.482168	 1.173913	 0.507362
 18.851519	 -6.216725	 -2.989317	 0.482076	 1.173943	 0.507376
 18.852001	 -6.215551	 -2.988810	 0.481984	 1.173973	 0.507391
 18.852483	 -6.214377	 -2.988302	 0.481892	 1.174004	 0.507405
 18.852965	 -6.213203	 -2.987795	 0.481800	 1.174034	 0.507420
 18.853447	 -6.212029	 -2.987288	 0.481708	 1.174064	 0.507434
 18.853929	 -6.210855	 -2.986780	 0.481616	 1.174095	 0.507449
 18.854410	 -6.209680	 -2.986273	 0.481524	 1.174125	 0.507464
 18.854892	 -6.208506	 -2.985765	 0.481432	 1.174155	 0.507478
 18.855373	 -6.207332	 -2.985258	 0.481340	 1.174186	 0.507493
 18.855855	 -6.206158	 -2.984750	 0.481248	 1.174216	 0.507507
 18.856336	 -6.204984	 -2.984243	 0.481156	 1.174246	 0.507522
 18.856817	 -6.203809	 -2.983735	 0.481064	 1.174276	 0.507536
 18.857298	 -6.202635	 -2.983228	 0.480972	 1.174307	 0.507551
 18.857779	 -6.201461	 -2.982720	 0.480880	 1.174337	 0.507566
 18.858260	 -6.200287	 -2.982213	 0.480788	 1.174367	 0.507580
 18.858741	 -6.199112	 -2.981705	 0.480696	 1.174397	 0.507595
 18.859221	 -6.197938	 -2.981197	 0.480604	 1.174428	 0.507609
 18.859702	 -6.196763	 -2.980690	 0.480512	 1.174458	 0.507624
 18.860182	 -6.195589	 -2.980182	 0.480420	 1.174488	 0.507638
 18.860663	 -6.194414	 -2.979675	 0.480328	 1.174518	 0.507653
 18.861143	 -6.193240	 -2.979167	 0.480236	 1.174549	 0.507667
 18.861623	 -6.192065	 -2.978659	 0.480144	 1.174579	 0.507682
 18.862104	 -6.190891	 -2.978152	 0.480052	 1.174609	 0.507697
 18.862584	 -6.189716	 -2.977644	 0.479960	 1.174639	 0.507711
 18.863064	 -6.188542	 -2.977136	 0.479868	 1.174670	 0.507726
 18.863543	 -6.187367	 -2.976628	 0.479775	 1.174700	 0.507740
 18.864023	 -6.186192	 -2.976121	 0.479683	 1.174730	 0.507755
 18.864503	 -6.185017	 -2.975613	 0.479591	 1.174760	 0.507769
 18.864982	 -6.183843	 -2.975105	 0.479499	 1.174790	 0.507784
 18.865462	 -6.182668	 -2.974597	 0.479407	 1.174821	 0.507798
 18.865941	 -6.181493	 -2.974090	 0.479315	 1.174851	 0.507813
 18.866421	 -6.180318	 -2.973582	 0.479223	 1.174881	 0.507827
 18.866900	 -6.179143	 -2.973074	 0.479131	 1.174911	 0.507842
 18.867379	 -6.177968	 -2.972566	 0.479039	 1.174941	 0.507856
 18.867858	 -6.176793	 -2.972058	 0.478947	 1.174971	 0.507871
 18.868337	 -6.175619	 -2.971550	 0.478855	 1.175001	 0.507885
 18.868816	 -6.174444	 -2.971043	 0.478763	 1.175032	 0.507900
 18.869295	 -6.173268	 -2.970535	 0.478671	 1.175062	 0.507914
 18.869773	 -6.172093	 -2.970027	 0.478579	 1.175092	 0.507929
 18.870252	 -6.170918	 -2.969519	 0.478486	 1.175122	 0.507943
 18.870730	 -6.169743	 -2.969011	 0.478394	 1.175152	 0.507958
 18.871209	 -6.168568	 -2.968503	 0.478302	 1.175182	 0.507972
 18.871687	 -6.167393	 -2.967995	 0.478210	 1.175212	 0.507987
 18.872165	 -6.166218	 -2.967487	 0.478118	 1.175242	 0.508001
 18.872643	 -6.165042	 -2.966979	 0.478026	 1.175272	 0.508016
 18.873121	 -6.163867	 -2.966471	 0.477934	 1.175303	 0.508030
 18.873599	 -6.162692	 -2.965963	 0.477842	 1.175333	 0.508045
 18.874077	 -6.161516	 -2.965455	 0.477750	 1.175363	 0.508059
 18.874555	 -6.160341	 -2.964947	 0.477658	 1.175393	 0.508074
 18.875033	 -6.159166	 -2.964439	 0.477565	 1.175423	 0.508088
 18.875510	 -6.157990	 -2.963931	 0.477473	 1.175453	 0.508103
 18.875988	 -6.156815	 -2.963422	 0.477381	 1.175483	 0.508117
 18.876465	 -6.155639	 -2.962914	 0.477289	 1.175513	 0.508131
 18.876942	 -6.154464	 -2.962406	 0.477197	 1.175543	 0.508146
 18.877420	 -6.153288	 -2.961898	 0.477105	 1.175573	 0.508160
 18.877897	 -6.152113	 -2.961390	 0.477013	 1.175603	 0.508175
 18.878374	 -6.150937	 -2.960882	 0.476921	 1.175633	 0.508189
 18.878851	 -6.149762	 -2.960374	 0.476829	 1.175663	 0.508204
 18.879327	 -6.148586	 -2.959865	 0.476736	 1.175693	 0.508218
 18.879804	 -6.147410	 -2.959357	 0.476644	 1.175723	 0.508233
 18.880281	 -6.146234	 -2.958849	 0.476552	 1.175753	 0.508247
 18.880757	 -6.145059	 -2.958341	 0.476460	 1.175783	 0.508261
 18.881234	 -6.143883	 -2.957832	 0.476368	 1.175813	 0.508276
 18.881710	 -6.142707	 -2.957324	 0.476276	 1.175843	 0.508290
 18.882186	 -6.141531	 -2.956816	 0.476184	 1.175873	 0.508305
 18.882663	 -6.140355	 -2.956308	 0.476091	 1.175903	 0.508319
 18.883139	 -6.139179	 -2.955799	 0.475999	 1.175933	 0.508334
 18.883615	 -6.138004	 -2.955291	 0.475907	 1.175963	 0.508348
 18.884091	 -6.136828	 -2.954783	 0.475815	 1.175993	 0.508362
 18.884566	 -6.135652	 -2.954274	 0.475723	 1.176023	 0.508377
 18.885042	 -6.134476	 -2.953766	 0.475631	 1.176053	 0.508391
 18.885518	 -6.133300	 -2.953257	 0.475539	 1.176083	 0.508406
 18.885993	 -6.132123	 -2.952749	 0.475446	 1.176113	 0.508420
 18.886469	 -6.130947	 -2.952241	 0.475354	 1.176143	 0.508435
 18.886944	 -6.129771	 -2.951732	 0.475262	 1.176173	 0.508449
 18.887419	 -6.128595	 -2.951224	 0.475170	 1.176202	 0.508463
 18.887895	 -6.127419	 -2.950715	 0.475078	 1.176232	 0.508478
 18.888370	 -6.126243	 -2.950207	 0.474986	 1.176262	 0.508492
 18.888845	 -6.125066	 -2.949698	 0.474893	 1.176292	 0.508507
 18.889320	 -6.123890	 -2.949190	 0.474801	 1.176322	 0.508521
 18.889794	 -6.122714	 -2.948681	 0.474709	 1.176352	 0.508535
 18.890269	 -6.121537	 -2.948173	 0.474617	 1.176382	 0.508550
 18.890744	 -6.120361	 -2.947664	 0.474525	 1.176412	 0.508564
 18.891218	 -6.119185	 -2.947156	 0.474433	 1.176442	 0.508579
 18.891693	 -6.118008	 -2.946647	 0.474340	 1.176471	 0.508593
 18.892167	 -6.116832	 -2.946138	 0.474248	 1.176501	 0.508607
 18.892641	 -6.115655	 -2.945630	 0.474156	 1.176531	 0.508622
 18.893115	 -6.114479	 -2.945121	 0.474064	 1.176561	 0.508636
 18.893589	 -6.113302	 -2.944613	 0.473972	 1.176591	 0.508650
 18.894063	 -6.112125	 -2.944104	 0.473879	 1.176621	 0.508665
 18.894537	 -6.110949	 -2.943595	 0.473787	 1.176650	 0.508679
 18.895011	 -6.109772	 -2.943087	 0.473695	 1.176680	 0.508693
 18.895485	 -6.108595	 -2.942578	 0.473603	 1.176710	 0.508708
 18.895958	 -6.107419	 -2.942069	 0.473511	 1.176740	 0.508722
 18.896432	 -6.106242	 -2.941560	 0.473418	 1.176770	 0.508737
 18.896905	 -6.105065	 -2.941052	 0.473326	 1.176799	 0.508751
 18.897379	 -6.103888	 -2.940543	 0.473234	 1.176829	 0.508765
 18.897852	 -6.102712	 -2.940034	 0.473142	 1.176859	 0.508780
 18.898325	 -6.101535	 -2.939525	 0.473050	 1.176889	 0.508794
 18.898798	 -6.100358	 -2.939017	 0.472957	 1.176919	 0.508808
 18.899271	 -6.099181	 -2.938508	 0.472865	 1.176948	 0.508823
 18.899744	 -6.098004	 -2.937999	 0.472773	 1.176978	 0.508837
