 0.058947	 -0.399392	 -0.219456	 8.146344	 1.772268	 0.101923
 0.067094	 -0.397620	 -0.219354	 8.146344	 1.772268	 0.101923
 0.075240	 -0.395847	 -0.219252	 8.146344	 1.772268	 0.101923
 0.083386	 -0.394075	 -0.219150	 8.146344	 1.772268	 0.101923
 0.091533	 -0.392303	 -0.219048	 8.146344	 1.772268	 0.101923
 0.099679	 -0.390531	 -0.218946	 8.146344	 1.772268	 0.101923
 0.107826	 -0.388758	 -0.218844	 8.146344	 1.772268	 0.101923
 0.115972	 -0.386986	 -0.218742	 8.146344	 1.772268	 0.101923
 0.124118	 -0.385214	 -0.218640	 8.146344	 1.772268	 0.101923
 0.132265	 -0.383442	 -0.218538	 8.146344	 1.772268	 0.101923
 0.140411	 -0.381669	 -0.218436	 8.146344	 1.772268	 0.101923
 0.148557	 -0.379897	 -0.218335	 8.146344	 1.772268	 0.101923
 0.156704	 -0.378125	 -0.218233	 8.146344	 1.772268	 0.101923
 0.164850	 -0.376352	 -0.218131	 8.146344	 1.772268	 0.101923
 0.172996	 -0.374580	 -0.218029	 8.146344	 1.772268	 0.101923
 0.181143	 -0.372808	 -0.217927	 8.146344	 1.772268	 0.101923
 0.189289	 -0.371036	 -0.217825	 8.146344	 1.772268	 0.101923
 0.197435	 -0.369263	 -0.217723	 8.146344	 1.772268	 0.101923
 0.205582	 -0.367491	 -0.217621	 8.146344	 1.772268	 0.101923
 0.213728	 -0.365719	 -0.217519	 8.146344	 1.772268	 0.101923
 0.221874	 -0.363947	 -0.217417	 8.146344	 1.772268	 0.101923
 0.230021	 -0.362174	 -0.217315	 8.146344	 1.772268	 0.101923
 0.238167	 -0.360402	 -0.217213	 8.146344	 1.772268	 0.101923
 0.246313	 -0.358630	 -0.217111	 8.146344	 1.772268	 0.101923
 0.254460	 -0.356857	 -0.217010	 8.146344	 1.772268	 0.101923
 0.262606	 -0.355085	 -0.216908	 8.146344	 1.772268	 0.101923
 0.270752	 -0.353313	 -0.216806	 8.146344	 1.772268	 0.101923
 0.278899	 -0.351541	 -0.216704	 8.146344	 1.772268	 0.101923
 0.287045	 -0.349768	 -0.216602	 8.146344	 1.772268	 0.101923
 0.295191	 -0.347996	 -0.216500	 8.146344	 1.772268	 0.101923
 0.303338	 -0.346224	 -0.216398	 8.146344	 1.772268	 0.101923
 0.311484	 -0.344452	 -0.216296	 8.146344	 1.772268	 0.101923
 0.319630	 -0.342679	 -0.216194	 8.146344	 1.772268	 0.101923
 0.327777	 -0.340907	 -0.216092	 8.146344	 1.772268	 0.101923
 0.335923	 -0.339135	 -0.215990	 8.146344	 1.772268	 0.101923
 0.344069	 -0.337363	 -0.215888	 8.146344	 1.772268	 0.101923
 0.352216	 -0.335590	 -0.215786	 8.146344	 1.772268	 0.101923
 0.360362	 -0.333818	 -0.215685	 8.146344	 1.772268	 0.101923
 0.368509	 -0.332046	 -0.215583	 8.146344	 1.772268	 0.101923
 0.376655	 -0.330273	 -0.215481	 8.146344	 1.772268	 0.101923
 0.384801	 -0.328501	 -0.215379	 8.146344	 1.772268	 0.101923
 0.392948	 -0.326729	 -0.215277	 8.146344	 1.772268	 0.101923
 0.401094	 -0.324957	 -0.215175	 8.146344	 1.772268	 0.101923
 0.409240	 -0.323184	 -0.215073	 8.146344	 1.772268	 0.101923
 0.417387	 -0.321412	 -0.214971	 8.146344	 1.772268	 0.101923
 0.425533	 -0.319640	 -0.214869	 8.146344	 1.772268	 0.101923
 0.433679	 -0.317868	 -0.214767	 8.146344	 1.772268	 0.101923
 0.441826	 -0.316095	 -0.214665	 8.146344	 1.772268	 0.101923
 0.449972	 -0.314323	 -0.214563	 8.146344	 1.772268	 0.101923
 0.458118	 -0.312551	 -0.214461	 8.146344	 1.772268	 0.101923
 0.466265	 -0.310779	 -0.214360	 8.146344	 1.772268	 0.101923
 0.474411	 -0.309006	 -0.214258	 8.146344	 1.772268	 0.101923
 0.482557	 -0.307234	 -0.214156	 8.146344	 1.772268	 0.101923
 0.490704	 -0.305462	 -0.214054	 8.146344	 1.772268	 0.101923
 0.498850	 -0.303689	 -0.213952	 8.146344	 1.772268	 0.101923
 0.506996	 -0.301917	 -0.213850	 8.146344	 1.772268	 0.101923
 0.515143	 -0.300145	 -0.213748	 8.146344	 1.772268	 0.101923
 0.523289	 -0.298373	 -0.213646	 8.146344	 1.772268	 0.101923
 0.531435	 -0.296600	 -0.213544	 8.146344	 1.772268	 0.101923
 0.539582	 -0.294828	 -0.213442	 8.146344	 1.772268	 0.101923
 0.547728	 -0.293056	 -0.213340	 8.146344	 1.772268	 0.101923
 0.555874	 -0.291284	 -0.213238	 8.146344	 1.772268	 0.101923
 0.564021	 -0.289511	 -0.213136	 8.146344	 1.772268	 0.101923
 0.572167	 -0.287739	 -0.213035	 8.146344	 1.772268	 0.101923
 0.580313	 -0.285967	 -0.212933	 8.146344	 1.772268	 0.101923
 0.588460	 -0.284194	 -0.212831	 8.146344	 1.772268	 0.101923
 0.596606	 -0.282422	 -0.212729	 8.146344	 1.772268	 0.101923
 0.604753	 -0.280650	 -0.212627	 8.146344	 1.772268	 0.101923
 0.612899	 -0.278878	 -0.212525	 8.146344	 1.772268	 0.101923
 0.621045	 -0.277105	 -0.212423	 8.146344	 1.772268	 0.101923
 0.629192	 -0.275333	 -0.212321	 8.146344	 1.772268	 0.101923
 0.637338	 -0.273561	 -0.212219	 8.146344	 1.772268	 0.101923
 0.645484	 -0.271789	 -0.212117	 8.146344	 1.772268	 0.101923
 0.653631	 -0.270016	 -0.212015	 8.146344	 1.772268	 0.101923
 0.661777	 -0.268244	 -0.211913	 8.146344	 1.772268	 0.101923
 0.669923	 -0.266472	 -0.211811	 8.146344	 1.772268	 0.101923
 0.678070	 -0.264700	 -0.211710	 8.146344	 1.772268	 0.101923
 0.686216	 -0.262927	 -0.211608	 8.146344	 1.772268	 0.101923
 0.694362	 -0.261155	 -0.211506	 8.146344	 1.772268	 0.101923
 0.702509	 -0.259383	 -0.211404	 8.146344	 1.772268	 0.101923
 0.710655	 -0.257610	 -0.211302	 8.146344	 1.772268	 0.101923
 0.718801	 -0.255838	 -0.211200	 8.146344	 1.772268	 0.101923
 0.726948	 -0.254066	 -0.211098	 8.146344	 1.772268	 0.101923
 0.735094	 -0.252294	 -0.210996	 8.146344	 1.772268	 0.101923
 0.743240	 -0.250521	 -0.210894	 8.146344	 1.772268	 0.101923
 0.751387	 -0.248749	 -0.210792	 8.146344	 1.772268	 0.101923
 0.759533	 -0.246977	 -0.210690	 8.146344	 1.772268	 0.101923
 0.767679	 -0.245205	 -0.210588	 8.146344	 1.772268	 0.101923
 0.775826	 -0.243432	 -0.210486	 8.146344	 1.772268	 0.101923
 0.783972	 -0.241660	 -0.210385	 8.146344	 1.772268	 0.101923
 0.792118	 -0.239888	 -0.210283	 8.146344	 1.772268	 0.101923
 0.800265	 -0.238115	 -0.210181	 8.146344	 1.772268	 0.101923
 0.808411	 -0.236343	 -0.210079	 8.146344	 1.772268	 0.101923
 0.816557	 -0.234571	 -0.209977	 8.146344	 1.772268	 0.101923
 0.824704	 -0.232799	 -0.209875	 8.146344	 1.772268	 0.101923
 0.832850	 -0.231026	 -0.209773	 8.146344	 1.772268	 0.101923
 0.840996	 -0.229254	 -0.209671	 8.146344	 1.772268	 0.101923
 0.849143	 -0.227482	 -0.209569	 8.146344	 1.772268	 0.101923
 0.857289	 -0.225710	 -0.209467	 8.146344	 1.772268	 0.101923
 0.865436	 -0.223937	 -0.209365	 8.146344	 1.772268	 0.101923
 0.873582	 -0.222165	 -0.209263	 8.146344	 1.772268	 0.101923
 0.881728	 -0.220393	 -0.209161	 8.146344	 1.772268	 0.101923
 0.889875	 -0.218621	 -0.209060	 8.146344	 1.772268	 0.101923
 0.898021	 -0.216848	 -0.208958	 8.146344	 1.772268	 0.101923
 0.906167	 -0.215076	 -0.208856	 8.146344	 1.772268	 0.101923
 0.914314	 -0.213304	 -0.208754	 8.146344	 1.772268	 0.101923
 0.922460	 -0.211531	 -0.208652	 8.146344	 1.772268	 0.101923
 0.930606	 -0.209759	 -0.208550	 8.146344	 1.772268	 0.101923
 0.938753	 -0.207987	 -0.208448	 8.146344	 1.772268	 0.101923
 0.946899	 -0.206215	 -0.208346	 8.146344	 1.772268	 0.101923
 0.955045	 -0.204442	 -0.208244	 8.146344	 1.772268	 0.101923
 0.963192	 -0.202670	 -0.208142	 8.146344	 1.772268	 0.101923
 0.971338	 -0.200898	 -0.208040	 8.146344	 1.772268	 0.101923
 0.979484	 -0.199126	 -0.207938	 8.146344	 1.772268	 0.101923
 0.987631	 -0.197353	 -0.207837	 8.146344	 1.772268	 0.101923
 0.995777	 -0.195581	 -0.207735	 8.146344	 1.772268	 0.101923
 1.003923	 -0.193809	 -0.207633	 8.146344	 1.772268	 0.101923
 1.012070	 -0.192037	 -0.207531	 8.146344	 1.772268	 0.101923
 1.020216	 -0.190264	 -0.207429	 8.146344	 1.772268	 0.101923
 1.028362	 -0.188492	 -0.207327	 8.146344	 1.772268	 0.101923
 1.036509	 -0.186720	 -0.207225	 8.146344	 1.772268	 0.101923
 1.044655	 -0.184947	 -0.207123	 8.146344	 1.772268	 0.101923
 1.052801	 -0.183175	 -0.207021	 8.146344	 1.772268	 0.101923
 1.060948	 -0.181403	 -0.206919	 8.146344	 1.772268	 0.101923
 1.069094	 -0.179631	 -0.206817	 8.146344	 1.772268	 0.101923
 1.077240	 -0.177858	 -0.206715	 8.146344	 1.772268	 0.101923
 1.085387	 -0.176086	 -0.206613	 8.146344	 1.772268	 0.101923
 1.093533	 -0.174314	 -0.206512	 8.146344	 1.772268	 0.101923
 1.101679	 -0.172542	 -0.206410	 8.146344	 1.772268	 0.101923
 1.109826	 -0.170769	 -0.206308	 8.146344	 1.772268	 0.101923
 1.117972	 -0.168997	 -0.206206	 8.146344	 1.772268	 0.101923
 1.126119	 -0.167225	 -0.206104	 8.146344	 1.772268	 0.101923
 1.134265	 -0.165452	 -0.206002	 8.146344	 1.772268	 0.101923
 1.142411	 -0.163680	 -0.205900	 8.146344	 1.772268	 0.101923
 1.150558	 -0.161908	 -0.205798	 8.146344	 1.772268	 0.101923
 1.158704	 -0.160136	 -0.205696	 8.146344	 1.772268	 0.101923
 1.166850	 -0.158363	 -0.205594	 8.146344	 1.772268	 0.101923
 1.174997	 -0.156591	 -0.205492	 8.146344	 1.772268	 0.101923
 1.183143	 -0.154819	 -0.205390	 8.146344	 1.772268	 0.101923
 1.191289	 -0.153047	 -0.205288	 8.146344	 1.772268	 0.101923
 1.199436	 -0.151274	 -0.205187	 8.146344	 1.772268	 0.101923
 1.207582	 -0.149502	 -0.205085	 8.146344	 1.772268	 0.101923
 1.215728	 -0.147730	 -0.204983	 8.146344	 1.772268	 0.101923
 1.223875	 -0.145958	 -0.204881	 8.146344	 1.772268	 0.101923
 1.232021	 -0.144185	 -0.204779	 8.146344	 1.772268	 0.101923
 1.240167	 -0.142413	 -0.204677	 8.146344	 1.772268	 0.101923
 1.248314	 -0.140641	 -0.204575	 8.146344	 1.772268	 0.101923
 1.256460	 -0.138868	 -0.204473	 8.146344	 1.772268	 0.101923
 1.264606	 -0.137096	 -0.204371	 8.146344	 1.772268	 0.101923
 1.272753	 -0.135324	 -0.204269	 8.146344	 1.772268	 0.101923
 1.280899	 -0.133552	 -0.204167	 8.146344	 1.772268	 0.101923
 1.289045	 -0.131779	 -0.204065	 8.146344	 1.772268	 0.101923
 1.297192	 -0.130007	 -0.203963	 8.146344	 1.772268	 0.101923
 1.305338	 -0.128235	 -0.203862	 8.146344	 1.772268	 0.101923
 1.313484	 -0.126463	 -0.203760	 8.146344	 1.772268	 0.101923
 1.321631	 -0.124690	 -0.203658	 8.146344	 1.772268	 0.101923
 1.329777	 -0.122918	 -0.203556	 8.146344	 1.772268	 0.101923
 1.337923	 -0.121146	 -0.203454	 8.146344	 1.772268	 0.101923
 1.346070	 -0.119374	 -0.203352	 8.146344	 1.772268	 0.101923
 1.354216	 -0.117601	 -0.203250	 8.146344	 1.772268	 0.101923
 1.362363	 -0.115829	 -0.203148	 8.146344	 1.772268	 0.101923
 1.370509	 -0.114057	 -0.203046	 8.146344	 1.772268	 0.101923
 1.378655	 -0.112284	 -0.202944	 8.146344	 1.772268	 0.101923
 1.386802	 -0.110512	 -0.202842	 8.146344	 1.772268	 0.101923
 1.394948	 -0.108740	 -0.202740	 8.146344	 1.772268	 0.101923
 1.403094	 -0.106968	 -0.202638	 8.146344	 1.772268	 0.101923
 1.411241	 -0.105195	 -0.202537	 8.146344	 1.772268	 0.101923
 1.419387	 -0.103423	 -0.202435	 8.146344	 1.772268	 0.101923
 1.427533	 -0.101651	 -0.202333	 8.146344	 1.772268	 0.101923
 1.435680	 -0.099879	 -0.202231	 8.146344	 1.772268	 0.101923
 1.443826	 -0.098106	 -0.202129	 8.146344	 1.772268	 0.101923
 1.451972	 -0.096334	 -0.202027	 8.146344	 1.772268	 0.101923
 1.460119	 -0.094562	 -0.201925	 8.146344	 1.772268	 0.101923
 1.468265	 -0.092789	 -0.201823	 8.146344	 1.772268	 0.101923
 1.476411	 -0.091017	 -0.201721	 8.146344	 1.772268	 0.101923
 1.484558	 -0.089245	 -0.201619	 8.146344	 1.772268	 0.101923
 1.492704	 -0.087473	 -0.201517	 8.146344	 1.772268	 0.101923
 1.500850	 -0.085700	 -0.201415	 8.146344	 1.772268	 0.101923
 1.508997	 -0.083928	 -0.201313	 8.146344	 1.772268	 0.101923
 1.517143	 -0.082156	 -0.201212	 8.146344	 1.772268	 0.101923
 1.525289	 -0.080384	 -0.201110	 8.146344	 1.772268	 0.101923
 1.533436	 -0.078611	 -0.201008	 8.146344	 1.772268	 0.101923
 1.541582	 -0.076839	 -0.200906	 8.146344	 1.772268	 0.101923
 1.549728	 -0.075067	 -0.200804	 8.146344	 1.772268	 0.101923
 1.557875	 -0.073295	 -0.200702	 8.146344	 1.772268	 0.101923
 1.566021	 -0.071522	 -0.200600	 8.146344	 1.772268	 0.101923
 1.574167	 -0.069750	 -0.200498	 8.146344	 1.772268	 0.101923
 1.582314	 -0.067978	 -0.200396	 8.146344	 1.772268	 0.101923
 1.590460	 -0.066205	 -0.200294	 8.146344	 1.772268	 0.101923
 1.598606	 -0.064433	 -0.200192	 8.146344	 1.772268	 0.101923
 1.606753	 -0.062661	 -0.200090	 8.146344	 1.772268	 0.101923
 1.614899	 -0.060889	 -0.199988	 8.146344	 1.772268	 0.101923
 1.623046	 -0.059116	 -0.199887	 8.146344	 1.772268	 0.101923
 1.631192	 -0.057344	 -0.199785	 8.146344	 1.772268	 0.101923
 1.639338	 -0.055572	 -0.199683	 8.146344	 1.772268	 0.101923
 1.647485	 -0.053800	 -0.199581	 8.146344	 1.772268	 0.101923
 1.655631	 -0.052027	 -0.199479	 8.146344	 1.772268	 0.101923
 1.663777	 -0.050255	 -0.199377	 8.146344	 1.772268	 0.101923
 1.671924	 -0.048483	 -0.199275	 8.146344	 1.772268	 0.101923
 1.680070	 -0.046710	 -0.199173	 8.146344	 1.772268	 0.101923
 1.688216	 -0.044938	 -0.199071	 8.146344	 1.772268	 0.101923
 1.696363	 -0.043166	 -0.198969	 8.146344	 1.772268	 0.101923
 1.704509	 -0.041394	 -0.198867	 8.146344	 1.772268	 0.101923
 1.712655	 -0.039621	 -0.198765	 8.146344	 1.772268	 0.101923
 1.720802	 -0.037849	 -0.198663	 8.146344	 1.772268	 0.101923
 1.728948	 -0.036077	 -0.198562	 8.146344	 1.772268	 0.101923
 1.737094	 -0.034305	 -0.198460	 8.146344	 1.772268	 0.101923
 1.745241	 -0.032532	 -0.198358	 8.146344	 1.772268	 0.101923
 1.753387	 -0.030760	 -0.198256	 8.146344	 1.772268	 0.101923
 1.761533	 -0.028988	 -0.198154	 8.146344	 1.772268	 0.101923
 1.769680	 -0.027216	 -0.198052	 8.146344	 1.772268	 0.101923
 1.777826	 -0.025443	 -0.197950	 8.146344	 1.772268	 0.101923
 1.785972	 -0.023671	 -0.197848	 8.146344	 1.772268	 0.101923
 1.794119	 -0.021899	 -0.197746	 8.146344	 1.772268	 0.101923
 1.802265	 -0.020126	 -0.197644	 8.146344	 1.772268	 0.101923
 1.810411	 -0.018354	 -0.197542	 8.146344	 1.772268	 0.101923
 1.818558	 -0.016582	 -0.197440	 8.146344	 1.772268	 0.101923
 1.826704	 -0.014810	 -0.197338	 8.146344	 1.772268	 0.101923
 1.834850	 -0.013037	 -0.197237	 8.146344	 1.772268	 0.101923
 1.842997	 -0.011265	 -0.197135	 8.146344	 1.772268	 0.101923
 1.851143	 -0.009493	 -0.197033	 8.146344	 1.772268	 0.101923
 1.859289	 -0.007721	 -0.196931	 8.146344	 1.772268	 0.101923
 1.867436	 -0.005948	 -0.196829	 8.146344	 1.772268	 0.101923
 1.875582	 -0.004176	 -0.196727	 8.146344	 1.772268	 0.101923
 1.883729	 -0.002404	 -0.196625	 8.146344	 1.772268	 0.101923
 1.891875	 -0.000632	 -0.196523	 8.146344	 1.772268	 0.101923
 1.900021	 0.001141	 -0.196421	 8.146344	 1.772268	 0.101923
 1.908168	 0.002913	 -0.196319	 8.146344	 1.772268	 0.101923
 1.916314	 0.004685	 -0.196217	 8.146344	 1.772268	 0.101923
 1.924460	 0.006458	 -0.196115	 8.146344	 1.772268	 0.101923
 1.932607	 0.008230	 -0.196013	 8.146344	 1.772268	 0.101923
 1.940753	 0.010002	 -0.195912	 8.146344	 1.772268	 0.101923
 1.948899	 0.011774	 -0.195810	 8.146344	 1.772268	 0.101923
 1.957046	 0.013547	 -0.195708	 8.146344	 1.772268	 0.101923
 1.965192	 0.015319	 -0.195606	 8.146344	 1.772268	 0.101923
 1.973338	 0.017091	 -0.195504	 8.146344	 1.772268	 0.101923
 1.981485	 0.018863	 -0.195402	 8.146344	 1.772268	 0.101923
 1.989631	 0.020636	 -0.195300	 8.146344	 1.772268	 0.101923
 1.997777	 0.022408	 -0.195198	 8.146344	 1.772268	 0.101923
 2.005924	 0.024180	 -0.195096	 8.146344	 1.772268	 0.101923
 2.014070	 0.025953	 -0.194994	 8.146344	 1.772268	 0.101923
 2.022216	 0.027725	 -0.194892	 8.146344	 1.772268	 0.101923
 2.030363	 0.029497	 -0.194790	 8.146344	 1.772268	 0.101923
 2.038509	 0.031269	 -0.194688	 8.146344	 1.772268	 0.101923
 2.046655	 0.033042	 -0.194587	 8.146344	 1.772268	 0.101923
 2.054802	 0.034814	 -0.194485	 8.146344	 1.772268	 0.101923
 2.062948	 0.036586	 -0.194383	 8.146344	 1.772268	 0.101923
 2.071094	 0.038358	 -0.194281	 8.146344	 1.772268	 0.101923
 2.079241	 0.040131	 -0.194179	 8.146344	 1.772268	 0.101923
 2.087387	 0.041903	 -0.194077	 8.146344	 1.772268	 0.101923
 2.095533	 0.043675	 -0.193975	 8.146344	 1.772268	 0.101923
 2.103680	 0.045447	 -0.193873	 8.146344	 1.772268	 0.101923
 2.111826	 0.047220	 -0.193771	 8.146344	 1.772268	 0.101923
 2.119973	 0.048992	 -0.193669	 8.146344	 1.772268	 0.101923
 2.128119	 0.050764	 -0.193567	 8.146344	 1.772268	 0.101923
 2.136265	 0.052537	 -0.193465	 8.146344	 1.772268	 0.101923
 2.144412	 0.054309	 -0.193363	 8.146344	 1.772268	 0.101923
 2.152558	 0.056081	 -0.193262	 8.146344	 1.772268	 0.101923
 2.160704	 0.057853	 -0.193160	 8.146344	 1.772268	 0.101923
 2.168851	 0.059626	 -0.193058	 8.146344	 1.772268	 0.101923
 2.176997	 0.061398	 -0.192956	 8.146344	 1.772268	 0.101923
 2.185143	 0.063170	 -0.192854	 8.146344	 1.772268	 0.101923
 2.193290	 0.064942	 -0.192752	 8.146344	 1.772268	 0.101923
 2.201436	 0.066715	 -0.192650	 8.146344	 1.772268	 0.101923
 2.209582	 0.068487	 -0.192548	 8.146344	 1.772268	 0.101923
 2.217729	 0.070259	 -0.192446	 8.146344	 1.772268	 0.101923
 2.225875	 0.072031	 -0.192344	 8.146344	 1.772268	 0.101923
 2.234021	 0.073804	 -0.192242	 8.146344	 1.772268	 0.101923
 2.242168	 0.075576	 -0.192140	 8.146344	 1.772268	 0.101923
 2.250314	 0.077348	 -0.192038	 8.146344	 1.772268	 0.101923
 2.258460	 0.079121	 -0.191937	 8.146344	 1.772268	 0.101923
 2.266607	 0.080893	 -0.191835	 8.146344	 1.772268	 0.101923
 2.274753	 0.082665	 -0.191733	 8.146344	 1.772268	 0.101923
 2.282899	 0.084437	 -0.191631	 8.146344	 1.772268	 0.101923
 2.291046	 0.086210	 -0.191529	 8.146344	 1.772268	 0.101923
 2.299192	 0.087982	 -0.191427	 8.146344	 1.772268	 0.101923
 2.307338	 0.089754	 -0.191325	 8.146344	 1.772268	 0.101923
 2.315485	 0.091526	 -0.191223	 8.146344	 1.772268	 0.101923
 2.323631	 0.093299	 -0.191121	 8.146344	 1.772268	 0.101923
 2.331777	 0.095071	 -0.191019	 8.146344	 1.772268	 0.101923
 2.339924	 0.096843	 -0.190917	 8.146344	 1.772268	 0.101923
 2.348070	 0.098616	 -0.190815	 8.146344	 1.772268	 0.101923
 2.356216	 0.100388	 -0.190714	 8.146344	 1.772268	 0.101923
 2.364363	 0.102160	 -0.190612	 8.146344	 1.772268	 0.101923
 2.372509	 0.103932	 -0.190510	 8.146344	 1.772268	 0.101923
 2.380656	 0.105705	 -0.190408	 8.146344	 1.772268	 0.101923
 2.388802	 0.107477	 -0.190306	 8.146344	 1.772268	 0.101923
 2.396948	 0.109249	 -0.190204	 8.146344	 1.772268	 0.101923
 2.405095	 0.111021	 -0.190102	 8.146344	 1.772268	 0.101923
 2.413241	 0.112794	 -0.190000	 8.146344	 1.772268	 0.101923
 2.421387	 0.114566	 -0.189898	 8.146344	 1.772268	 0.101923
 2.429534	 0.116338	 -0.189796	 8.146344	 1.772268	 0.101923
 2.437680	 0.118110	 -0.189694	 8.146344	 1.772268	 0.101923
 2.445826	 0.119883	 -0.189592	 8.146344	 1.772268	 0.101923
 2.453973	 0.121655	 -0.189490	 8.146344	 1.772268	 0.101923
 2.462119	 0.123427	 -0.189389	 8.146344	 1.772268	 0.101923
 2.470265	 0.125200	 -0.189287	 8.146344	 1.772268	 0.101923
 2.478412	 0.126972	 -0.189185	 8.146344	 1.772268	 0.101923
 2.486558	 0.128744	 -0.189083	 8.146344	 1.772268	 0.101923
 2.494704	 0.130516	 -0.188981	 8.146344	 1.772268	 0.101923
 2.502851	 0.132289	 -0.188879	 8.146344	 1.772268	 0.101923
 2.510997	 0.134061	 -0.188777	 8.146344	 1.772268	 0.101923
 2.519143	 0.135833	 -0.188675	 8.146344	 1.772268	 0.101923
 2.527290	 0.137605	 -0.188573	 8.146344	 1.772268	 0.101923
 2.535436	 0.139378	 -0.188471	 8.146344	 1.772268	 0.101923
 2.543582	 0.141150	 -0.188369	 8.146344	 1.772268	 0.101923
 2.551729	 0.142922	 -0.188267	 8.146344	 1.772268	 0.101923
 2.559875	 0.144695	 -0.188165	 8.146344	 1.772268	 0.101923
 2.568021	 0.146467	 -0.188064	 8.146344	 1.772268	 0.101923
 2.576168	 0.148239	 -0.187962	 8.146344	 1.772268	 0.101923
 2.584314	 0.150011	 -0.187860	 8.146344	 1.772268	 0.101923
 2.592460	 0.151784	 -0.187758	 8.146344	 1.772268	 0.101923
 2.600607	 0.153556	 -0.187656	 8.146344	 1.772268	 0.101923
 2.608753	 0.155328	 -0.187554	 8.146344	 1.772268	 0.101923
 2.616900	 0.157100	 -0.187452	 8.146344	 1.772268	 0.101923
 2.625046	 0.158873	 -0.187350	 8.146344	 1.772268	 0.101923
 2.633192	 0.160645	 -0.187248	 8.146344	 1.772268	 0.101923
 2.641339	 0.162417	 -0.187146	 8.146344	 1.772268	 0.101923
 2.649485	 0.164189	 -0.187044	 8.146344	 1.772268	 0.101923
 2.657631	 0.165962	 -0.186942	 8.146344	 1.772268	 0.101923
 2.665778	 0.167734	 -0.186840	 8.146344	 1.772268	 0.101923
 2.673924	 0.169506	 -0.186739	 8.146344	 1.772268	 0.101923
 2.682070	 0.171279	 -0.186637	 8.146344	 1.772268	 0.101923
 2.690217	 0.173051	 -0.186535	 8.146344	 1.772268	 0.101923
 2.698363	 0.174823	 -0.186433	 8.146344	 1.772268	 0.101923
 2.706509	 0.176595	 -0.186331	 8.146344	 1.772268	 0.101923
 2.714656	 0.178368	 -0.186229	 8.146344	 1.772268	 0.101923
 2.722802	 0.180140	 -0.186127	 8.146344	 1.772268	 0.101923
 2.730948	 0.181912	 -0.186025	 8.146344	 1.772268	 0.101923
 2.739095	 0.183684	 -0.185923	 8.146344	 1.772268	 0.101923
 2.747241	 0.185457	 -0.185821	 8.146344	 1.772268	 0.101923
 2.755387	 0.187229	 -0.185719	 8.146344	 1.772268	 0.101923
 2.763534	 0.189001	 -0.185617	 8.146344	 1.772268	 0.101923
 2.771680	 0.190773	 -0.185515	 8.146344	 1.772268	 0.101923
 2.779826	 0.192546	 -0.185414	 8.146344	 1.772268	 0.101923
 2.787973	 0.194318	 -0.185312	 8.146344	 1.772268	 0.101923
 2.796119	 0.196090	 -0.185210	 8.146344	 1.772268	 0.101923
 2.804265	 0.197863	 -0.185108	 8.146344	 1.772268	 0.101923
 2.812412	 0.199635	 -0.185006	 8.146344	 1.772268	 0.101923
 2.820558	 0.201407	 -0.184904	 8.146344	 1.772268	 0.101923
 2.828704	 0.203179	 -0.184802	 8.146344	 1.772268	 0.101923
 2.836851	 0.204952	 -0.184700	 8.146344	 1.772268	 0.101923
 2.844997	 0.206724	 -0.184598	 8.146344	 1.772268	 0.101923
 2.853143	 0.208496	 -0.184496	 8.146344	 1.772268	 0.101923
 2.861290	 0.210268	 -0.184394	 8.146344	 1.772268	 0.101923
 2.869436	 0.212041	 -0.184292	 8.146344	 1.772268	 0.101923
 2.877583	 0.213813	 -0.184190	 8.146344	 1.772268	 0.101923
 2.885729	 0.215585	 -0.184089	 8.146344	 1.772268	 0.101923
 2.893875	 0.217358	 -0.183987	 8.146344	 1.772268	 0.101923
 2.902022	 0.219130	 -0.183885	 8.146344	 1.772268	 0.101923
 2.910168	 0.220902	 -0.183783	 8.146344	 1.772268	 0.101923
 2.918314	 0.222674	 -0.183681	 8.146344	 1.772268	 0.101923
 2.926461	 0.224447	 -0.183579	 8.146344	 1.772268	 0.101923
 2.934607	 0.226219	 -0.183477	 8.146344	 1.772268	 0.101923
 2.942753	 0.227991	 -0.183375	 8.146344	 1.772268	 0.101923
 2.950900	 0.229763	 -0.183273	 8.146344	 1.772268	 0.101923
 2.959046	 0.231536	 -0.183171	 8.146344	 1.772268	 0.101923
 2.967192	 0.233308	 -0.183069	 8.146344	 1.772268	 0.101923
 2.975339	 0.235080	 -0.182967	 8.146344	 1.772268	 0.101923
 2.983485	 0.236852	 -0.182865	 8.146344	 1.772268	 0.101923
 2.991631	 0.238625	 -0.182764	 8.146344	 1.772268	 0.101923
 2.999778	 0.240397	 -0.182662	 8.146344	 1.772268	 0.101923
 3.007924	 0.242169	 -0.182560	 8.146344	 1.772268	 0.101923
 3.016070	 0.243942	 -0.182458	 8.146344	 1.772268	 0.101923
 3.024217	 0.245714	 -0.182356	 8.146344	 1.772268	 0.101923
 3.032363	 0.247486	 -0.182254	 8.146344	 1.772268	 0.101923
 3.040509	 0.249258	 -0.182152	 8.146344	 1.772268	 0.101923
 3.048656	 0.251031	 -0.182050	 8.146344	 1.772268	 0.101923
 3.056802	 0.252803	 -0.181948	 8.146344	 1.772268	 0.101923
 3.064948	 0.254575	 -0.181846	 8.146344	 1.772268	 0.101923
 3.073095	 0.256347	 -0.181744	 8.146344	 1.772268	 0.101923
 3.081241	 0.258120	 -0.181642	 8.146344	 1.772268	 0.101923
 3.089387	 0.259892	 -0.181540	 8.146344	 1.772268	 0.101923
 3.097534	 0.261664	 -0.181439	 8.146344	 1.772268	 0.101923
 3.105680	 0.263437	 -0.181337	 8.146344	 1.772268	 0.101923
 3.113826	 0.265209	 -0.181235	 8.146344	 1.772268	 0.101923
 3.121973	 0.266981	 -0.181133	 8.146344	 1.772268	 0.101923
 3.130119	 0.268753	 -0.181031	 8.146344	 1.772268	 0.101923
 3.138266	 0.270526	 -0.180929	 8.146344	 1.772268	 0.101923
 3.146412	 0.272298	 -0.180827	 8.146344	 1.772268	 0.101923
 3.154558	 0.274070	 -0.180725	 8.146344	 1.772268	 0.101923
 3.162705	 0.275842	 -0.180623	 8.146344	 1.772268	 0.101923
 3.170851	 0.277615	 -0.180521	 8.146344	 1.772268	 0.101923
 3.178997	 0.279387	 -0.180419	 8.146344	 1.772268	 0.101923
 3.187144	 0.281159	 -0.180317	 8.146344	 1.772268	 0.101923
 3.195290	 0.282931	 -0.180215	 8.146344	 1.772268	 0.101923
 3.203436	 0.284704	 -0.180114	 8.146344	 1.772268	 0.101923
 3.211583	 0.286476	 -0.180012	 8.146344	 1.772268	 0.101923
 3.219729	 0.288248	 -0.179910	 8.146344	 1.772268	 0.101923
 3.227875	 0.290021	 -0.179808	 8.146344	 1.772268	 0.101923
 3.236022	 0.291793	 -0.179706	 8.146344	 1.772268	 0.101923
 3.244168	 0.293565	 -0.179604	 8.146344	 1.772268	 0.101923
 3.252314	 0.295337	 -0.179502	 8.146344	 1.772268	 0.101923
 3.260461	 0.297110	 -0.179400	 8.146344	 1.772268	 0.101923
 3.268607	 0.298882	 -0.179298	 8.146344	 1.772268	 0.101923
 3.276753	 0.300654	 -0.179196	 8.146344	 1.772268	 0.101923
 3.284900	 0.302426	 -0.179094	 8.146344	 1.772268	 0.101923
 3.293046	 0.304199	 -0.178992	 8.146344	 1.772268	 0.101923
 3.301192	 0.305971	 -0.178890	 8.146344	 1.772268	 0.101923
 3.309339	 0.307743	 -0.178789	 8.146344	 1.772268	 0.101923
 3.317485	 0.309515	 -0.178687	 8.146344	 1.772268	 0.101923
 3.325631	 0.311288	 -0.178585	 8.146344	 1.772268	 0.101923
 3.333778	 0.313060	 -0.178483	 8.146344	 1.772268	 0.101923
 3.341924	 0.314832	 -0.178381	 8.146344	 1.772268	 0.101923
 3.350070	 0.316605	 -0.178279	 8.146344	 1.772268	 0.101923
 3.358217	 0.318377	 -0.178177	 8.146344	 1.772268	 0.101923
 3.366363	 0.320149	 -0.178075	 8.146344	 1.772268	 0.101923
 3.374510	 0.321921	 -0.177973	 8.146344	 1.772268	 0.101923
 3.382656	 0.323694	 -0.177871	 8.146344	 1.772268	 0.101923
 3.390802	 0.325466	 -0.177769	 8.146344	 1.772268	 0.101923
 3.398949	 0.327238	 -0.177667	 8.146344	 1.772268	 0.101923
 3.407095	 0.329010	 -0.177565	 8.146344	 1.772268	 0.101923
 3.415241	 0.330783	 -0.177464	 8.146344	 1.772268	 0.101923
 3.423388	 0.332555	 -0.177362	 8.146344	 1.772268	 0.101923
 3.431534	 0.334327	 -0.177260	 8.146344	 1.772268	 0.101923
 3.439680	 0.336100	 -0.177158	 8.146344	 1.772268	 0.101923
 3.447827	 0.337872	 -0.177056	 8.146344	 1.772268	 0.101923
 3.455973	 0.339644	 -0.176954	 8.146344	 1.772268	 0.101923
 3.464119	 0.341416	 -0.176852	 8.146344	 1.772268	 0.101923
 3.472266	 0.343189	 -0.176750	 8.146344	 1.772268	 0.101923
 3.480412	 0.344961	 -0.176648	 8.146344	 1.772268	 0.101923
 3.488558	 0.346733	 -0.176546	 8.146344	 1.772268	 0.101923
 3.496705	 0.348505	 -0.176444	 8.146344	 1.772268	 0.101923
 3.504851	 0.350278	 -0.176342	 8.146344	 1.772268	 0.101923
 3.512997	 0.352050	 -0.176240	 8.146344	 1.772268	 0.101923
 3.521144	 0.353822	 -0.176139	 8.146344	 1.772268	 0.101923
 3.529290	 0.355594	 -0.176037	 8.146344	 1.772268	 0.101923
 3.537436	 0.357367	 -0.175935	 8.146344	 1.772268	 0.101923
 3.545583	 0.359139	 -0.175833	 8.146344	 1.772268	 0.101923
 3.553729	 0.360911	 -0.175731	 8.146344	 1.772268	 0.101923
 3.561875	 0.362684	 -0.175629	 8.146344	 1.772268	 0.101923
 3.570022	 0.364456	 -0.175527	 8.146344	 1.772268	 0.101923
 3.578168	 0.366228	 -0.175425	 8.146344	 1.772268	 0.101923
 3.586314	 0.368000	 -0.175323	 8.146344	 1.772268	 0.101923
 3.594461	 0.369773	 -0.175221	 8.146344	 1.772268	 0.101923
 3.602607	 0.371545	 -0.175119	 8.146344	 1.772268	 0.101923
 3.610753	 0.373317	 -0.175017	 8.146344	 1.772268	 0.101923
 3.618900	 0.375089	 -0.174915	 8.146344	 1.772268	 0.101923
 3.627046	 0.376862	 -0.174814	 8.146344	 1.772268	 0.101923
 3.635193	 0.378634	 -0.174712	 8.146344	 1.772268	 0.101923
 3.643339	 0.380406	 -0.174610	 8.146344	 1.772268	 0.101923
 3.651485	 0.382178	 -0.174508	 8.146344	 1.772268	 0.101923
 3.659632	 0.383951	 -0.174406	 8.146344	 1.772268	 0.101923
 3.667778	 0.385723	 -0.174304	 8.146344	 1.772268	 0.101923
 3.675924	 0.387495	 -0.174202	 8.146344	 1.772268	 0.101923
 3.684071	 0.389268	 -0.174100	 8.146344	 1.772268	 0.101923
 3.692217	 0.391040	 -0.173998	 8.146344	 1.772268	 0.101923
 3.700363	 0.392812	 -0.173896	 8.146344	 1.772268	 0.101923
 3.708510	 0.394584	 -0.173794	 8.146344	 1.772268	 0.101923
 3.716656	 0.396357	 -0.173692	 8.146344	 1.772268	 0.101923
 3.724802	 0.398129	 -0.173591	 8.146344	 1.772268	 0.101923
 3.732949	 0.399901	 -0.173489	 8.146344	 1.772268	 0.101923
 3.741095	 0.401673	 -0.173387	 8.146344	 1.772268	 0.101923
 3.749241	 0.403446	 -0.173285	 8.146344	 1.772268	 0.101923
 3.757388	 0.405218	 -0.173183	 8.146344	 1.772268	 0.101923
 3.765534	 0.406990	 -0.173081	 8.146344	 1.772268	 0.101923
 3.773680	 0.408763	 -0.172979	 8.146344	 1.772268	 0.101923
 3.781827	 0.410535	 -0.172877	 8.146344	 1.772268	 0.101923
 3.789973	 0.412307	 -0.172775	 8.146344	 1.772268	 0.101923
 3.798119	 0.414079	 -0.172673	 8.146344	 1.772268	 0.101923
 3.806266	 0.415852	 -0.172571	 8.146344	 1.772268	 0.101923
 3.814412	 0.417624	 -0.172469	 8.146344	 1.772268	 0.101923
 3.822558	 0.419396	 -0.172367	 8.146344	 1.772268	 0.101923
 3.830705	 0.421168	 -0.172266	 8.146344	 1.772268	 0.101923
 3.838851	 0.422941	 -0.172164	 8.146344	 1.772268	 0.101923
 3.846997	 0.424713	 -0.172062	 8.146344	 1.772268	 0.101923
 3.855144	 0.426485	 -0.171960	 8.146344	 1.772268	 0.101923
 3.863290	 0.428257	 -0.171858	 8.146344	 1.772268	 0.101923
 3.871437	 0.430030	 -0.171756	 8.146344	 1.772268	 0.101923
 3.879583	 0.431802	 -0.171654	 8.146344	 1.772268	 0.101923
 3.887729	 0.433574	 -0.171552	 8.146344	 1.772268	 0.101923
 3.895876	 0.435347	 -0.171450	 8.146344	 1.772268	 0.101923
 3.904022	 0.437119	 -0.171348	 8.146344	 1.772268	 0.101923
 3.912168	 0.438891	 -0.171246	 8.146344	 1.772268	 0.101923
 3.920315	 0.440663	 -0.171144	 8.146344	 1.772268	 0.101923
 3.928461	 0.442436	 -0.171042	 8.146344	 1.772268	 0.101923
 3.936607	 0.444208	 -0.170941	 8.146344	 1.772268	 0.101923
 3.944754	 0.445980	 -0.170839	 8.146344	 1.772268	 0.101923
 3.952900	 0.447752	 -0.170737	 8.146344	 1.772268	 0.101923
 3.961046	 0.449525	 -0.170635	 8.146344	 1.772268	 0.101923
 3.969193	 0.451297	 -0.170533	 8.146344	 1.772268	 0.101923
 3.977339	 0.453069	 -0.170431	 8.146344	 1.772268	 0.101923
 3.985485	 0.454842	 -0.170329	 8.146344	 1.772268	 0.101923
 3.993632	 0.456614	 -0.170227	 8.146344	 1.772268	 0.101923
 4.001778	 0.458386	 -0.170125	 8.146344	 1.772268	 0.101923
 4.009924	 0.460158	 -0.170023	 8.146344	 1.772268	 0.101923
 4.018071	 0.461931	 -0.169921	 8.146344	 1.772268	 0.101923
 4.026217	 0.463703	 -0.169819	 8.146344	 1.772268	 0.101923
 4.034363	 0.465475	 -0.169717	 8.146344	 1.772268	 0.101923
 4.042510	 0.467247	 -0.169616	 8.146344	 1.772268	 0.101923
 4.050656	 0.469020	 -0.169514	 8.146344	 1.772268	 0.101923
 4.058802	 0.470792	 -0.169412	 8.146344	 1.772268	 0.101923
 4.066949	 0.472564	 -0.169310	 8.146344	 1.772268	 0.101923
 4.075095	 0.474336	 -0.169208	 8.146344	 1.772268	 0.101923
 4.083241	 0.476109	 -0.169106	 8.146344	 1.772268	 0.101923
 4.091388	 0.477881	 -0.169004	 8.146344	 1.772268	 0.101923
 4.099534	 0.479653	 -0.168902	 8.146344	 1.772268	 0.101923
 4.107680	 0.481426	 -0.168800	 8.146344	 1.772268	 0.101923
 4.115827	 0.483198	 -0.168698	 8.146344	 1.772268	 0.101923
 4.123973	 0.484970	 -0.168596	 8.146344	 1.772268	 0.101923
 4.132120	 0.486742	 -0.168494	 8.146344	 1.772268	 0.101923
 4.140266	 0.488515	 -0.168392	 8.146344	 1.772268	 0.101923
 4.148412	 0.490287	 -0.168291	 8.146344	 1.772268	 0.101923
 4.156559	 0.492059	 -0.168189	 8.146344	 1.772268	 0.101923
 4.164705	 0.493831	 -0.168087	 8.146344	 1.772268	 0.101923
 4.172851	 0.495604	 -0.167985	 8.146344	 1.772268	 0.101923
 4.180998	 0.497376	 -0.167883	 8.146344	 1.772268	 0.101923
 4.189144	 0.499148	 -0.167781	 8.146344	 1.772268	 0.101923
 4.197290	 0.500920	 -0.167679	 8.146344	 1.772268	 0.101923
 4.205437	 0.502693	 -0.167577	 8.146344	 1.772268	 0.101923
 4.213583	 0.504465	 -0.167475	 8.146344	 1.772268	 0.101923
 4.221729	 0.506237	 -0.167373	 8.146344	 1.772268	 0.101923
 4.229876	 0.508010	 -0.167271	 8.146344	 1.772268	 0.101923
 4.238022	 0.509782	 -0.167169	 8.146344	 1.772268	 0.101923
 4.246168	 0.511554	 -0.167067	 8.146344	 1.772268	 0.101923
 4.254315	 0.513326	 -0.166966	 8.146344	 1.772268	 0.101923
 4.262461	 0.515099	 -0.166864	 8.146344	 1.772268	 0.101923
 4.270607	 0.516871	 -0.166762	 8.146344	 1.772268	 0.101923
 4.278754	 0.518643	 -0.166660	 8.146344	 1.772268	 0.101923
 4.286900	 0.520415	 -0.166558	 8.146344	 1.772268	 0.101923
 4.295046	 0.522188	 -0.166456	 8.146344	 1.772268	 0.101923
 4.303193	 0.523960	 -0.166354	 8.146344	 1.772268	 0.101923
 4.311339	 0.525732	 -0.166252	 8.146344	 1.772268	 0.101923
 4.319485	 0.527505	 -0.166150	 8.146344	 1.772268	 0.101923
 4.327632	 0.529277	 -0.166048	 8.146344	 1.772268	 0.101923
 4.335778	 0.531049	 -0.165946	 8.146344	 1.772268	 0.101923
 4.343924	 0.532821	 -0.165844	 8.146344	 1.772268	 0.101923
 4.352071	 0.534594	 -0.165742	 8.146344	 1.772268	 0.101923
 4.360217	 0.536366	 -0.165641	 8.146344	 1.772268	 0.101923
 4.368363	 0.538138	 -0.165539	 8.146344	 1.772268	 0.101923
 4.376510	 0.539910	 -0.165437	 8.146344	 1.772268	 0.101923
 4.384656	 0.541683	 -0.165335	 8.146344	 1.772268	 0.101923
 4.392803	 0.543455	 -0.165233	 8.146344	 1.772268	 0.101923
 4.400949	 0.545227	 -0.165131	 8.146344	 1.772268	 0.101923
 4.409095	 0.546999	 -0.165029	 8.146344	 1.772268	 0.101923
 4.417242	 0.548772	 -0.164927	 8.146344	 1.772268	 0.101923
 4.425388	 0.550544	 -0.164825	 8.146344	 1.772268	 0.101923
 4.433534	 0.552316	 -0.164723	 8.146344	 1.772268	 0.101923
 4.441681	 0.554089	 -0.164621	 8.146344	 1.772268	 0.101923
 4.449827	 0.555861	 -0.164519	 8.146344	 1.772268	 0.101923
 4.457973	 0.557633	 -0.164417	 8.146344	 1.772268	 0.101923
 4.466120	 0.559405	 -0.164316	 8.146344	 1.772268	 0.101923
 4.474266	 0.561178	 -0.164214	 8.146344	 1.772268	 0.101923
 4.482412	 0.562950	 -0.164112	 8.146344	 1.772268	 0.101923
 4.490559	 0.564722	 -0.164010	 8.146344	 1.772268	 0.101923
 4.498705	 0.566494	 -0.163908	 8.146344	 1.772268	 0.101923
 4.506851	 0.568267	 -0.163806	 8.146344	 1.772268	 0.101923
 4.514998	 0.570039	 -0.163704	 8.146344	 1.772268	 0.101923
 4.523144	 0.571811	 -0.163602	 8.146344	 1.772268	 0.101923
 4.531290	 0.573583	 -0.163500	 8.146344	 1.772268	 0.101923
 4.539437	 0.575356	 -0.163398	 8.146344	 1.772268	 0.101923
 4.547583	 0.577128	 -0.163296	 8.146344	 1.772268	 0.101923
 4.555729	 0.578900	 -0.163194	 8.146344	 1.772268	 0.101923
 4.563876	 0.580673	 -0.163092	 8.146344	 1.772268	 0.101923
 4.572022	 0.582445	 -0.162991	 8.146344	 1.772268	 0.101923
 4.580168	 0.584217	 -0.162889	 8.146344	 1.772268	 0.101923
 4.588315	 0.585989	 -0.162787	 8.146344	 1.772268	 0.101923
 4.596461	 0.587762	 -0.162685	 8.146344	 1.772268	 0.101923
 4.604607	 0.589534	 -0.162583	 8.146344	 1.772268	 0.101923
 4.612754	 0.591306	 -0.162481	 8.146344	 1.772268	 0.101923
 4.620900	 0.593078	 -0.162379	 8.146344	 1.772268	 0.101923
 4.629047	 0.594851	 -0.162277	 8.146344	 1.772268	 0.101923
 4.637193	 0.596623	 -0.162175	 8.146344	 1.772268	 0.101923
 4.645339	 0.598395	 -0.162073	 8.146344	 1.772268	 0.101923
 4.653486	 0.600168	 -0.161971	 8.146344	 1.772268	 0.101923
 4.661632	 0.601940	 -0.161869	 8.146344	 1.772268	 0.101923
 4.669778	 0.603712	 -0.161767	 8.146344	 1.772268	 0.101923
 4.677925	 0.605484	 -0.161666	 8.146344	 1.772268	 0.101923
 4.686071	 0.607257	 -0.161564	 8.146344	 1.772268	 0.101923
 4.694217	 0.609029	 -0.161462	 8.146344	 1.772268	 0.101923
 4.702364	 0.610801	 -0.161360	 8.146344	 1.772268	 0.101923
 4.710510	 0.612573	 -0.161258	 8.146344	 1.772268	 0.101923
 4.718656	 0.614346	 -0.161156	 8.146344	 1.772268	 0.101923
 4.726803	 0.616118	 -0.161054	 8.146344	 1.772268	 0.101923
 4.734949	 0.617890	 -0.160952	 8.146344	 1.772268	 0.101923
 4.743095	 0.619662	 -0.160850	 8.146344	 1.772268	 0.101923
 4.751242	 0.621435	 -0.160748	 8.146344	 1.772268	 0.101923
 4.759388	 0.623207	 -0.160646	 8.146344	 1.772268	 0.101923
 4.767534	 0.624979	 -0.160544	 8.146344	 1.772268	 0.101923
 4.775681	 0.626752	 -0.160442	 8.146344	 1.772268	 0.101923
 4.783827	 0.628524	 -0.160341	 8.146344	 1.772268	 0.101923
 4.791973	 0.630296	 -0.160239	 8.146344	 1.772268	 0.101923
 4.800120	 0.632068	 -0.160137	 8.146344	 1.772268	 0.101923
 4.808266	 0.633841	 -0.160035	 8.146344	 1.772268	 0.101923
 4.816412	 0.635613	 -0.159933	 8.146344	 1.772268	 0.101923
 4.824559	 0.637385	 -0.159831	 8.146344	 1.772268	 0.101923
 4.832705	 0.639157	 -0.159729	 8.146344	 1.772268	 0.101923
 4.840851	 0.640930	 -0.159627	 8.146344	 1.772268	 0.101923
 4.848998	 0.642702	 -0.159525	 8.146344	 1.772268	 0.101923
 4.857144	 0.644474	 -0.159423	 8.146344	 1.772268	 0.101923
 4.865290	 0.646247	 -0.159321	 8.146344	 1.772268	 0.101923
 4.873437	 0.648019	 -0.159219	 8.146344	 1.772268	 0.101923
 4.881583	 0.649791	 -0.159117	 8.146344	 1.772268	 0.101923
 4.889730	 0.651563	 -0.159016	 8.146344	 1.772268	 0.101923
 4.897876	 0.653336	 -0.158914	 8.146344	 1.772268	 0.101923
 4.906022	 0.655108	 -0.158812	 8.146344	 1.772268	 0.101923
 4.914169	 0.656880	 -0.158710	 8.146344	 1.772268	 0.101923
 4.922315	 0.658652	 -0.158608	 8.146344	 1.772268	 0.101923
 4.930461	 0.660425	 -0.158506	 8.146344	 1.772268	 0.101923
 4.938608	 0.662197	 -0.158404	 8.146344	 1.772268	 0.101923
 4.946754	 0.663969	 -0.158302	 8.146344	 1.772268	 0.101923
 4.954900	 0.665741	 -0.158200	 8.146344	 1.772268	 0.101923
 4.963047	 0.667514	 -0.158098	 8.146344	 1.772268	 0.101923
 4.971193	 0.669286	 -0.157996	 8.146344	 1.772268	 0.101923
 4.979339	 0.671058	 -0.157894	 8.146344	 1.772268	 0.101923
 4.987486	 0.672831	 -0.157793	 8.146344	 1.772268	 0.101923
 4.995632	 0.674603	 -0.157691	 8.146344	 1.772268	 0.101923
 5.003778	 0.676375	 -0.157589	 8.146344	 1.772268	 0.101923
 5.011925	 0.678147	 -0.157487	 8.146344	 1.772268	 0.101923
 5.020071	 0.679920	 -0.157385	 8.146344	 1.772268	 0.101923
 5.028217	 0.681692	 -0.157283	 8.146344	 1.772268	 0.101923
 5.036364	 0.683464	 -0.157181	 8.146344	 1.772268	 0.101923
 5.044510	 0.685236	 -0.157079	 8.146344	 1.772268	 0.101923
 5.052656	 0.687009	 -0.156977	 8.146344	 1.772268	 0.101923
 5.060803	 0.688781	 -0.156875	 8.146344	 1.772268	 0.101923
 5.068949	 0.690553	 -0.156773	 8.146344	 1.772268	 0.101923
 5.077095	 0.692325	 -0.156671	 8.146344	 1.772268	 0.101923
 5.085242	 0.694098	 -0.156569	 8.146344	 1.772268	 0.101923
 5.093388	 0.695870	 -0.156468	 8.146344	 1.772268	 0.101923
 5.101534	 0.697642	 -0.156366	 8.146344	 1.772268	 0.101923
 5.109681	 0.699415	 -0.156264	 8.146344	 1.772268	 0.101923
 5.117827	 0.701187	 -0.156162	 8.146344	 1.772268	 0.101923
 5.125973	 0.702959	 -0.156060	 8.146344	 1.772268	 0.101923
 5.134120	 0.704731	 -0.155958	 8.146344	 1.772268	 0.101923
 5.142266	 0.706504	 -0.155856	 8.146344	 1.772268	 0.101923
 5.150413	 0.708276	 -0.155754	 8.146344	 1.772268	 0.101923
 5.158559	 0.710048	 -0.155652	 8.146344	 1.772268	 0.101923
 5.166705	 0.711820	 -0.155550	 8.146344	 1.772268	 0.101923
 5.174852	 0.713593	 -0.155448	 8.146344	 1.772268	 0.101923
 5.182998	 0.715365	 -0.155346	 8.146344	 1.772268	 0.101923
 5.191144	 0.717137	 -0.155244	 8.146344	 1.772268	 0.101923
 5.199291	 0.718910	 -0.155143	 8.146344	 1.772268	 0.101923
 5.207437	 0.720682	 -0.155041	 8.146344	 1.772268	 0.101923
 5.215583	 0.722454	 -0.154939	 8.146344	 1.772268	 0.101923
 5.223730	 0.724226	 -0.154837	 8.146344	 1.772268	 0.101923
 5.231876	 0.725999	 -0.154735	 8.146344	 1.772268	 0.101923
 5.240022	 0.727771	 -0.154633	 8.146344	 1.772268	 0.101923
 5.248169	 0.729543	 -0.154531	 8.146344	 1.772268	 0.101923
 5.256315	 0.731315	 -0.154429	 8.146344	 1.772268	 0.101923
 5.264461	 0.733088	 -0.154327	 8.146344	 1.772268	 0.101923
 5.272608	 0.734860	 -0.154225	 8.146344	 1.772268	 0.101923
 5.280754	 0.736632	 -0.154123	 8.146344	 1.772268	 0.101923
 5.288900	 0.738404	 -0.154021	 8.146344	 1.772268	 0.101923
 5.297047	 0.740177	 -0.153919	 8.146344	 1.772268	 0.101923
 5.305193	 0.741949	 -0.153818	 8.146344	 1.772268	 0.101923
 5.313339	 0.743721	 -0.153716	 8.146344	 1.772268	 0.101923
 5.321486	 0.745494	 -0.153614	 8.146344	 1.772268	 0.101923
 5.329632	 0.747266	 -0.153512	 8.146344	 1.772268	 0.101923
 5.337778	 0.749038	 -0.153410	 8.146344	 1.772268	 0.101923
 5.345925	 0.750810	 -0.153308	 8.146344	 1.772268	 0.101923
 5.354071	 0.752583	 -0.153206	 8.146344	 1.772268	 0.101923
 5.362217	 0.754355	 -0.153104	 8.146344	 1.772268	 0.101923
 5.370364	 0.756127	 -0.153002	 8.146344	 1.772268	 0.101923
 5.378510	 0.757899	 -0.152900	 8.146344	 1.772268	 0.101923
 5.386657	 0.759672	 -0.152798	 8.146344	 1.772268	 0.101923
 5.394803	 0.761444	 -0.152696	 8.146344	 1.772268	 0.101923
 5.402949	 0.763216	 -0.152594	 8.146344	 1.772268	 0.101923
 5.411096	 0.764988	 -0.152493	 8.146344	 1.772268	 0.101923
 5.419242	 0.766761	 -0.152391	 8.146344	 1.772268	 0.101923
 5.427388	 0.768533	 -0.152289	 8.146344	 1.772268	 0.101923
 5.435535	 0.770305	 -0.152187	 8.146344	 1.772268	 0.101923
 5.443681	 0.772078	 -0.152085	 8.146344	 1.772268	 0.101923
 5.451827	 0.773850	 -0.151983	 8.146344	 1.772268	 0.101923
 5.459974	 0.775622	 -0.151881	 8.146344	 1.772268	 0.101923
 5.468120	 0.777394	 -0.151779	 8.146344	 1.772268	 0.101923
 5.476266	 0.779167	 -0.151677	 8.146344	 1.772268	 0.101923
 5.484413	 0.780939	 -0.151575	 8.146344	 1.772268	 0.101923
 5.492559	 0.782711	 -0.151473	 8.146344	 1.772268	 0.101923
 5.500705	 0.784483	 -0.151371	 8.146344	 1.772268	 0.101923
 5.508852	 0.786256	 -0.151269	 8.146344	 1.772268	 0.101923
 5.516998	 0.788028	 -0.151168	 8.146344	 1.772268	 0.101923
 5.525144	 0.789800	 -0.151066	 8.146344	 1.772268	 0.101923
 5.533291	 0.791573	 -0.150964	 8.146344	 1.772268	 0.101923
 5.541437	 0.793345	 -0.150862	 8.146344	 1.772268	 0.101923
 5.549583	 0.795117	 -0.150760	 8.146344	 1.772268	 0.101923
 5.557730	 0.796889	 -0.150658	 8.146344	 1.772268	 0.101923
 5.565876	 0.798662	 -0.150556	 8.146344	 1.772268	 0.101923
 5.574022	 0.800434	 -0.150454	 8.146344	 1.772268	 0.101923
 5.582169	 0.802206	 -0.150352	 8.146344	 1.772268	 0.101923
 5.590315	 0.803978	 -0.150250	 8.146344	 1.772268	 0.101923
 5.598461	 0.805751	 -0.150148	 8.146344	 1.772268	 0.101923
 5.606608	 0.807523	 -0.150046	 8.146344	 1.772268	 0.101923
 5.614754	 0.809295	 -0.149944	 8.146344	 1.772268	 0.101923
 5.622900	 0.811067	 -0.149843	 8.146344	 1.772268	 0.101923
 5.631047	 0.812840	 -0.149741	 8.146344	 1.772268	 0.101923
 5.639193	 0.814612	 -0.149639	 8.146344	 1.772268	 0.101923
 5.647340	 0.816384	 -0.149537	 8.146344	 1.772268	 0.101923
 5.655486	 0.818157	 -0.149435	 8.146344	 1.772268	 0.101923
 5.663632	 0.819929	 -0.149333	 8.146344	 1.772268	 0.101923
 5.671779	 0.821701	 -0.149231	 8.146344	 1.772268	 0.101923
 5.679925	 0.823473	 -0.149129	 8.146344	 1.772268	 0.101923
 5.688071	 0.825246	 -0.149027	 8.146344	 1.772268	 0.101923
 5.696218	 0.827018	 -0.148925	 8.146344	 1.772268	 0.101923
 5.704364	 0.828790	 -0.148823	 8.146344	 1.772268	 0.101923
 5.712510	 0.830562	 -0.148721	 8.146344	 1.772268	 0.101923
 5.720657	 0.832335	 -0.148619	 8.146344	 1.772268	 0.101923
 5.728803	 0.834107	 -0.148518	 8.146344	 1.772268	 0.101923
 5.736949	 0.835879	 -0.148416	 8.146344	 1.772268	 0.101923
 5.745096	 0.837652	 -0.148314	 8.146344	 1.772268	 0.101923
 5.753242	 0.839424	 -0.148212	 8.146344	 1.772268	 0.101923
 5.761388	 0.841196	 -0.148110	 8.146344	 1.772268	 0.101923
 5.769535	 0.842968	 -0.148008	 8.146344	 1.772268	 0.101923
 5.777681	 0.844741	 -0.147906	 8.146344	 1.772268	 0.101923
 5.785827	 0.846513	 -0.147804	 8.146344	 1.772268	 0.101923
 5.793974	 0.848285	 -0.147702	 8.146344	 1.772268	 0.101923
 5.802120	 0.850057	 -0.147600	 8.146344	 1.772268	 0.101923
 5.810266	 0.851830	 -0.147498	 8.146344	 1.772268	 0.101923
 5.818413	 0.853602	 -0.147396	 8.146344	 1.772268	 0.101923
 5.826559	 0.855374	 -0.147294	 8.146344	 1.772268	 0.101923
 5.834705	 0.857146	 -0.147193	 8.146344	 1.772268	 0.101923
 5.842852	 0.858919	 -0.147091	 8.146344	 1.772268	 0.101923
 5.850998	 0.860691	 -0.146989	 8.146344	 1.772268	 0.101923
 5.859144	 0.862463	 -0.146887	 8.146344	 1.772268	 0.101923
 5.867291	 0.864236	 -0.146785	 8.146344	 1.772268	 0.101923
 5.875437	 0.866008	 -0.146683	 8.146344	 1.772268	 0.101923
 5.883584	 0.867780	 -0.146581	 8.146344	 1.772268	 0.101923
 5.891730	 0.869552	 -0.146479	 8.146344	 1.772268	 0.101923
 5.899876	 0.871325	 -0.146377	 8.146344	 1.772268	 0.101923
 5.908023	 0.873097	 -0.146275	 8.146344	 1.772268	 0.101923
 5.916169	 0.874869	 -0.146173	 8.146344	 1.772268	 0.101923
 5.924315	 0.876641	 -0.146071	 8.146344	 1.772268	 0.101923
 5.932462	 0.878414	 -0.145969	 8.146344	 1.772268	 0.101923
 5.940608	 0.880186	 -0.145868	 8.146344	 1.772268	 0.101923
 5.948754	 0.881958	 -0.145766	 8.146344	 1.772268	 0.101923
 5.956901	 0.883730	 -0.145664	 8.146344	 1.772268	 0.101923
 5.965047	 0.885503	 -0.145562	 8.146344	 1.772268	 0.101923
 5.973193	 0.887275	 -0.145460	 8.146344	 1.772268	 0.101923
 5.981340	 0.889047	 -0.145358	 8.146344	 1.772268	 0.101923
 5.989486	 0.890820	 -0.145256	 8.146344	 1.772268	 0.101923
 5.997632	 0.892592	 -0.145154	 8.146344	 1.772268	 0.101923
 6.005779	 0.894364	 -0.145052	 8.146344	 1.772268	 0.101923
 6.013925	 0.896136	 -0.144950	 8.146344	 1.772268	 0.101923
 6.022071	 0.897909	 -0.144848	 8.146344	 1.772268	 0.101923
 6.030218	 0.899681	 -0.144746	 8.146344	 1.772268	 0.101923
 6.038364	 0.901453	 -0.144644	 8.146344	 1.772268	 0.101923
 6.046510	 0.903225	 -0.144543	 8.146344	 1.772268	 0.101923
 6.054657	 0.904998	 -0.144441	 8.146344	 1.772268	 0.101923
 6.062803	 0.906770	 -0.144339	 8.146344	 1.772268	 0.101923
 6.070949	 0.908542	 -0.144237	 8.146344	 1.772268	 0.101923
 6.079096	 0.910315	 -0.144135	 8.146344	 1.772268	 0.101923
 6.087242	 0.912087	 -0.144033	 8.146344	 1.772268	 0.101923
 6.095388	 0.913859	 -0.143931	 8.146344	 1.772268	 0.101923
 6.103535	 0.915631	 -0.143829	 8.146344	 1.772268	 0.101923
 6.111681	 0.917404	 -0.143727	 8.146344	 1.772268	 0.101923
 6.119827	 0.919176	 -0.143625	 8.146344	 1.772268	 0.101923
 6.127974	 0.920948	 -0.143523	 8.146344	 1.772268	 0.101923
 6.136120	 0.922720	 -0.143421	 8.146344	 1.772268	 0.101923
 6.144267	 0.924493	 -0.143319	 8.146344	 1.772268	 0.101923
 6.152413	 0.926265	 -0.143218	 8.146344	 1.772268	 0.101923
 6.160559	 0.928037	 -0.143116	 8.146344	 1.772268	 0.101923
 6.168706	 0.929809	 -0.143014	 8.146344	 1.772268	 0.101923
 6.176852	 0.931582	 -0.142912	 8.146344	 1.772268	 0.101923
 6.184998	 0.933354	 -0.142810	 8.146344	 1.772268	 0.101923
 6.193145	 0.935126	 -0.142708	 8.146344	 1.772268	 0.101923
 6.201291	 0.936899	 -0.142606	 8.146344	 1.772268	 0.101923
 6.209437	 0.938671	 -0.142504	 8.146344	 1.772268	 0.101923
 6.217584	 0.940443	 -0.142402	 8.146344	 1.772268	 0.101923
 6.225730	 0.942215	 -0.142300	 8.146344	 1.772268	 0.101923
 6.233876	 0.943988	 -0.142198	 8.146344	 1.772268	 0.101923
 6.242023	 0.945760	 -0.142096	 8.146344	 1.772268	 0.101923
 6.250169	 0.947532	 -0.141994	 8.146344	 1.772268	 0.101923
 6.258315	 0.949304	 -0.141893	 8.146344	 1.772268	 0.101923
 6.266462	 0.951077	 -0.141791	 8.146344	 1.772268	 0.101923
 6.274608	 0.952849	 -0.141689	 8.146344	 1.772268	 0.101923
 6.282754	 0.954621	 -0.141587	 8.146344	 1.772268	 0.101923
 6.290901	 0.956393	 -0.141485	 8.146344	 1.772268	 0.101923
 6.299047	 0.958166	 -0.141383	 8.146344	 1.772268	 0.101923
 6.307193	 0.959938	 -0.141281	 8.146344	 1.772268	 0.101923
 6.315340	 0.961710	 -0.141179	 8.146344	 1.772268	 0.101923
 6.323486	 0.963483	 -0.141077	 8.146344	 1.772268	 0.101923
 6.331632	 0.965255	 -0.140975	 8.146344	 1.772268	 0.101923
 6.339779	 0.967027	 -0.140873	 8.146344	 1.772268	 0.101923
 6.347925	 0.968799	 -0.140771	 8.146344	 1.772268	 0.101923
 6.356071	 0.970572	 -0.140670	 8.146344	 1.772268	 0.101923
 6.364218	 0.972344	 -0.140568	 8.146344	 1.772268	 0.101923
 6.372364	 0.974116	 -0.140466	 8.146344	 1.772268	 0.101923
 6.380510	 0.975888	 -0.140364	 8.146344	 1.772268	 0.101923
 6.388657	 0.977661	 -0.140262	 8.146344	 1.772268	 0.101923
 6.396803	 0.979433	 -0.140160	 8.146344	 1.772268	 0.101923
 6.404950	 0.981205	 -0.140058	 8.146344	 1.772268	 0.101923
 6.413096	 0.982978	 -0.139956	 8.146344	 1.772268	 0.101923
 6.421242	 0.984750	 -0.139854	 8.146344	 1.772268	 0.101923
 6.429389	 0.986522	 -0.139752	 8.146344	 1.772268	 0.101923
 6.437535	 0.988294	 -0.139650	 8.146344	 1.772268	 0.101923
 6.445681	 0.990067	 -0.139548	 8.146344	 1.772268	 0.101923
 6.453828	 0.991839	 -0.139446	 8.146344	 1.772268	 0.101923
 6.461974	 0.993611	 -0.139345	 8.146344	 1.772268	 0.101923
 6.470120	 0.995383	 -0.139243	 8.146344	 1.772268	 0.101923
 6.478267	 0.997156	 -0.139141	 8.146344	 1.772268	 0.101923
 6.486413	 0.998928	 -0.139039	 8.146344	 1.772268	 0.101923
 6.494559	 1.000700	 -0.138937	 8.146344	 1.772268	 0.101923
 6.502706	 1.002472	 -0.138835	 8.146344	 1.772268	 0.101923
 6.510852	 1.004245	 -0.138733	 8.146344	 1.772268	 0.101923
 6.518998	 1.006017	 -0.138631	 8.146344	 1.772268	 0.101923
 6.527145	 1.007789	 -0.138529	 8.146344	 1.772268	 0.101923
 6.535291	 1.009562	 -0.138427	 8.146344	 1.772268	 0.101923
 6.543437	 1.011334	 -0.138325	 8.146344	 1.772268	 0.101923
 6.551584	 1.013106	 -0.138223	 8.146344	 1.772268	 0.101923
 6.559730	 1.014878	 -0.138121	 8.146344	 1.772268	 0.101923
 6.567876	 1.016651	 -0.138020	 8.146344	 1.772268	 0.101923
 6.576023	 1.018423	 -0.137918	 8.146344	 1.772268	 0.101923
 6.584169	 1.020195	 -0.137816	 8.146344	 1.772268	 0.101923
 6.592315	 1.021967	 -0.137714	 8.146344	 1.772268	 0.101923
 6.600462	 1.023740	 -0.137612	 8.146344	 1.772268	 0.101923
 6.608608	 1.025512	 -0.137510	 8.146344	 1.772268	 0.101923
 6.616754	 1.027284	 -0.137408	 8.146344	 1.772268	 0.101923
 6.624901	 1.029057	 -0.137306	 8.146344	 1.772268	 0.101923
 6.633047	 1.030829	 -0.137204	 8.146344	 1.772268	 0.101923
 6.641194	 1.032601	 -0.137102	 8.146344	 1.772268	 0.101923
 6.649340	 1.034373	 -0.137000	 8.146344	 1.772268	 0.101923
 6.657486	 1.036146	 -0.136898	 8.146344	 1.772268	 0.101923
 6.665633	 1.037918	 -0.136796	 8.146344	 1.772268	 0.101923
 6.673779	 1.039690	 -0.136695	 8.146344	 1.772268	 0.101923
 6.681925	 1.041462	 -0.136593	 8.146344	 1.772268	 0.101923
 6.690072	 1.043235	 -0.136491	 8.146344	 1.772268	 0.101923
 6.698218	 1.045007	 -0.136389	 8.146344	 1.772268	 0.101923
 6.706364	 1.046779	 -0.136287	 8.146344	 1.772268	 0.101923
 6.714511	 1.048551	 -0.136185	 8.146344	 1.772268	 0.101923
 6.722657	 1.050324	 -0.136083	 8.146344	 1.772268	 0.101923
 6.730803	 1.052096	 -0.135981	 8.146344	 1.772268	 0.101923
 6.738950	 1.053868	 -0.135879	 8.146344	 1.772268	 0.101923
 6.747096	 1.055641	 -0.135777	 8.146344	 1.772268	 0.101923
 6.755242	 1.057413	 -0.135675	 8.146344	 1.772268	 0.101923
 6.763389	 1.059185	 -0.135573	 8.146344	 1.772268	 0.101923
 6.771535	 1.060957	 -0.135471	 8.146344	 1.772268	 0.101923
 6.779681	 1.062730	 -0.135370	 8.146344	 1.772268	 0.101923
 6.787828	 1.064502	 -0.135268	 8.146344	 1.772268	 0.101923
 6.795974	 1.066274	 -0.135166	 8.146344	 1.772268	 0.101923
 6.804120	 1.068046	 -0.135064	 8.146344	 1.772268	 0.101923
 6.812267	 1.069819	 -0.134962	 8.146344	 1.772268	 0.101923
 6.820413	 1.071591	 -0.134860	 8.146344	 1.772268	 0.101923
 6.828559	 1.073363	 -0.134758	 8.146344	 1.772268	 0.101923
 6.836706	 1.075135	 -0.134656	 8.146344	 1.772268	 0.101923
 6.844852	 1.076908	 -0.134554	 8.146344	 1.772268	 0.101923
 6.852998	 1.078680	 -0.134452	 8.146344	 1.772268	 0.101923
 6.861145	 1.080452	 -0.134350	 8.146344	 1.772268	 0.101923
 6.869291	 1.082225	 -0.134248	 8.146344	 1.772268	 0.101923
 6.877437	 1.083997	 -0.134146	 8.146344	 1.772268	 0.101923
 6.885584	 1.085769	 -0.134045	 8.146344	 1.772268	 0.101923
 6.893730	 1.087541	 -0.133943	 8.146344	 1.772268	 0.101923
 6.901877	 1.089314	 -0.133841	 8.146344	 1.772268	 0.101923
 6.910023	 1.091086	 -0.133739	 8.146344	 1.772268	 0.101923
 6.918169	 1.092858	 -0.133637	 8.146344	 1.772268	 0.101923
 6.926316	 1.094630	 -0.133535	 8.146344	 1.772268	 0.101923
 6.934462	 1.096403	 -0.133433	 8.146344	 1.772268	 0.101923
 6.942608	 1.098175	 -0.133331	 8.146344	 1.772268	 0.101923
 6.950755	 1.099947	 -0.133229	 8.146344	 1.772268	 0.101923
 6.958901	 1.101720	 -0.133127	 8.146344	 1.772268	 0.101923
 6.967047	 1.103492	 -0.133025	 8.146344	 1.772268	 0.101923
 6.975194	 1.105264	 -0.132923	 8.146344	 1.772268	 0.101923
 6.983340	 1.107036	 -0.132821	 8.146344	 1.772268	 0.101923
 6.991486	 1.108809	 -0.132720	 8.146344	 1.772268	 0.101923
 6.999633	 1.110581	 -0.132618	 8.146344	 1.772268	 0.101923
 7.007779	 1.112353	 -0.132516	 8.146344	 1.772268	 0.101923
 7.015925	 1.114125	 -0.132414	 8.146344	 1.772268	 0.101923
 7.024072	 1.115898	 -0.132312	 8.146344	 1.772268	 0.101923
 7.032218	 1.117670	 -0.132210	 8.146344	 1.772268	 0.101923
 7.040364	 1.119442	 -0.132108	 8.146344	 1.772268	 0.101923
 7.048511	 1.121214	 -0.132006	 8.146344	 1.772268	 0.101923
 7.056657	 1.122987	 -0.131904	 8.146344	 1.772268	 0.101923
 7.064803	 1.124759	 -0.131802	 8.146344	 1.772268	 0.101923
 7.072950	 1.126531	 -0.131700	 8.146344	 1.772268	 0.101923
 7.081096	 1.128304	 -0.131598	 8.146344	 1.772268	 0.101923
 7.089242	 1.130076	 -0.131496	 8.146344	 1.772268	 0.101923
 7.097389	 1.131848	 -0.131395	 8.146344	 1.772268	 0.101923
 7.105535	 1.133620	 -0.131293	 8.146344	 1.772268	 0.101923
 7.113681	 1.135393	 -0.131191	 8.146344	 1.772268	 0.101923
 7.121828	 1.137165	 -0.131089	 8.146344	 1.772268	 0.101923
 7.129974	 1.138937	 -0.130987	 8.146344	 1.772268	 0.101923
 7.138120	 1.140709	 -0.130885	 8.146344	 1.772268	 0.101923
 7.146267	 1.142482	 -0.130783	 8.146344	 1.772268	 0.101923
 7.154413	 1.144254	 -0.130681	 8.146344	 1.772268	 0.101923
 7.162560	 1.146026	 -0.130579	 8.146344	 1.772268	 0.101923
 7.170706	 1.147798	 -0.130477	 8.146344	 1.772268	 0.101923
 7.178852	 1.149571	 -0.130375	 8.146344	 1.772268	 0.101923
 7.186999	 1.151343	 -0.130273	 8.146344	 1.772268	 0.101923
 7.195145	 1.153115	 -0.130171	 8.146344	 1.772268	 0.101923
 7.203291	 1.154888	 -0.130070	 8.146344	 1.772268	 0.101923
 7.211438	 1.156660	 -0.129968	 8.146344	 1.772268	 0.101923
 7.219584	 1.158432	 -0.129866	 8.146344	 1.772268	 0.101923
 7.227730	 1.160204	 -0.129764	 8.146344	 1.772268	 0.101923
 7.235877	 1.161977	 -0.129662	 8.146344	 1.772268	 0.101923
 7.244023	 1.163749	 -0.129560	 8.146344	 1.772268	 0.101923
 7.252169	 1.165521	 -0.129458	 8.146344	 1.772268	 0.101923
 7.260316	 1.167293	 -0.129356	 8.146344	 1.772268	 0.101923
 7.268462	 1.169066	 -0.129254	 8.146344	 1.772268	 0.101923
 7.276608	 1.170838	 -0.129152	 8.146344	 1.772268	 0.101923
 7.284755	 1.172610	 -0.129050	 8.146344	 1.772268	 0.101923
 7.292901	 1.174383	 -0.128948	 8.146344	 1.772268	 0.101923
 7.301047	 1.176155	 -0.128846	 8.146344	 1.772268	 0.101923
 7.309194	 1.177927	 -0.128745	 8.146344	 1.772268	 0.101923
 7.317340	 1.179699	 -0.128643	 8.146344	 1.772268	 0.101923
 7.325486	 1.181472	 -0.128541	 8.146344	 1.772268	 0.101923
 7.333633	 1.183244	 -0.128439	 8.146344	 1.772268	 0.101923
 7.341779	 1.185016	 -0.128337	 8.146344	 1.772268	 0.101923
 7.349925	 1.186788	 -0.128235	 8.146344	 1.772268	 0.101923
 7.358072	 1.188561	 -0.128133	 8.146344	 1.772268	 0.101923
 7.366218	 1.190333	 -0.128031	 8.146344	 1.772268	 0.101923
 7.374364	 1.192105	 -0.127929	 8.146344	 1.772268	 0.101923
 7.382511	 1.193877	 -0.127827	 8.146344	 1.772268	 0.101923
 7.390657	 1.195650	 -0.127725	 8.146344	 1.772268	 0.101923
 7.398804	 1.197422	 -0.127623	 8.146344	 1.772268	 0.101923
 7.406950	 1.199194	 -0.127521	 8.146344	 1.772268	 0.101923
 7.415096	 1.200967	 -0.127420	 8.146344	 1.772268	 0.101923
 7.423243	 1.202739	 -0.127318	 8.146344	 1.772268	 0.101923
 7.431389	 1.204511	 -0.127216	 8.146344	 1.772268	 0.101923
 7.439535	 1.206283	 -0.127114	 8.146344	 1.772268	 0.101923
 7.447682	 1.208056	 -0.127012	 8.146344	 1.772268	 0.101923
 7.455828	 1.209828	 -0.126910	 8.146344	 1.772268	 0.101923
 7.463974	 1.211600	 -0.126808	 8.146344	 1.772268	 0.101923
 7.472121	 1.213372	 -0.126706	 8.146344	 1.772268	 0.101923
 7.480267	 1.215145	 -0.126604	 8.146344	 1.772268	 0.101923
 7.488413	 1.216917	 -0.126502	 8.146344	 1.772268	 0.101923
 7.496560	 1.218689	 -0.126400	 8.146344	 1.772268	 0.101923
 7.504706	 1.220462	 -0.126298	 8.146344	 1.772268	 0.101923
 7.512852	 1.222234	 -0.126196	 8.146344	 1.772268	 0.101923
 7.520999	 1.224006	 -0.126095	 8.146344	 1.772268	 0.101923
 7.529145	 1.225778	 -0.125993	 8.146344	 1.772268	 0.101923
 7.537291	 1.227551	 -0.125891	 8.146344	 1.772268	 0.101923
 7.545438	 1.229323	 -0.125789	 8.146344	 1.772268	 0.101923
 7.553584	 1.231095	 -0.125687	 8.146344	 1.772268	 0.101923
 7.561730	 1.232867	 -0.125585	 8.146344	 1.772268	 0.101923
 7.569877	 1.234640	 -0.125483	 8.146344	 1.772268	 0.101923
 7.578023	 1.236412	 -0.125381	 8.146344	 1.772268	 0.101923
 7.586169	 1.238184	 -0.125279	 8.146344	 1.772268	 0.101923
 7.594316	 1.239956	 -0.125177	 8.146344	 1.772268	 0.101923
 7.602462	 1.241729	 -0.125075	 8.146344	 1.772268	 0.101923
 7.610608	 1.243501	 -0.124973	 8.146344	 1.772268	 0.101923
 7.618755	 1.245273	 -0.124872	 8.146344	 1.772268	 0.101923
 7.626901	 1.247046	 -0.124770	 8.146344	 1.772268	 0.101923
 7.635047	 1.248818	 -0.124668	 8.146344	 1.772268	 0.101923
 7.643194	 1.250590	 -0.124566	 8.146344	 1.772268	 0.101923
 7.651340	 1.252362	 -0.124464	 8.146344	 1.772268	 0.101923
 7.659487	 1.254135	 -0.124362	 8.146344	 1.772268	 0.101923
 7.667633	 1.255907	 -0.124260	 8.146344	 1.772268	 0.101923
 7.675779	 1.257679	 -0.124158	 8.146344	 1.772268	 0.101923
 7.683926	 1.259451	 -0.124056	 8.146344	 1.772268	 0.101923
 7.692072	 1.261224	 -0.123954	 8.146344	 1.772268	 0.101923
 7.700218	 1.262996	 -0.123852	 8.146344	 1.772268	 0.101923
 7.708365	 1.264768	 -0.123750	 8.146344	 1.772268	 0.101923
 7.716511	 1.266540	 -0.123648	 8.146344	 1.772268	 0.101923
 7.724657	 1.268313	 -0.123547	 8.146344	 1.772268	 0.101923
 7.732804	 1.270085	 -0.123445	 8.146344	 1.772268	 0.101923
 7.740950	 1.271857	 -0.123343	 8.146344	 1.772268	 0.101923
 7.749096	 1.273630	 -0.123241	 8.146344	 1.772268	 0.101923
 7.757243	 1.275402	 -0.123139	 8.146344	 1.772268	 0.101923
 7.765389	 1.277174	 -0.123037	 8.146344	 1.772268	 0.101923
 7.773535	 1.278946	 -0.122935	 8.146344	 1.772268	 0.101923
 7.781682	 1.280719	 -0.122833	 8.146344	 1.772268	 0.101923
 7.789828	 1.282491	 -0.122731	 8.146344	 1.772268	 0.101923
 7.797974	 1.284263	 -0.122629	 8.146344	 1.772268	 0.101923
 7.806121	 1.286035	 -0.122527	 8.146344	 1.772268	 0.101923
 7.814267	 1.287808	 -0.122425	 8.146344	 1.772268	 0.101923
 7.822413	 1.289580	 -0.122323	 8.146344	 1.772268	 0.101923
 7.830560	 1.291352	 -0.122222	 8.146344	 1.772268	 0.101923
 7.838706	 1.293125	 -0.122120	 8.146344	 1.772268	 0.101923
 7.846852	 1.294897	 -0.122018	 8.146344	 1.772268	 0.101923
 7.854999	 1.296669	 -0.121916	 8.146344	 1.772268	 0.101923
 7.863145	 1.298441	 -0.121814	 8.146344	 1.772268	 0.101923
 7.871291	 1.300214	 -0.121712	 8.146344	 1.772268	 0.101923
 7.879438	 1.301986	 -0.121610	 8.146344	 1.772268	 0.101923
 7.887584	 1.303758	 -0.121508	 8.146344	 1.772268	 0.101923
 7.895731	 1.305530	 -0.121406	 8.146344	 1.772268	 0.101923
 7.903877	 1.307303	 -0.121304	 8.146344	 1.772268	 0.101923
 7.912023	 1.309075	 -0.121202	 8.146344	 1.772268	 0.101923
 7.920170	 1.310847	 -0.121100	 8.146344	 1.772268	 0.101923
 7.928316	 1.312619	 -0.120998	 8.146344	 1.772268	 0.101923
 7.936462	 1.314392	 -0.120897	 8.146344	 1.772268	 0.101923
 7.944609	 1.316164	 -0.120795	 8.146344	 1.772268	 0.101923
 7.952755	 1.317936	 -0.120693	 8.146344	 1.772268	 0.101923
 7.960901	 1.319709	 -0.120591	 8.146344	 1.772268	 0.101923
 7.969048	 1.321481	 -0.120489	 8.146344	 1.772268	 0.101923
 7.977194	 1.323253	 -0.120387	 8.146344	 1.772268	 0.101923
 7.985340	 1.325025	 -0.120285	 8.146344	 1.772268	 0.101923
 7.993487	 1.326798	 -0.120183	 8.146344	 1.772268	 0.101923
 8.001633	 1.328570	 -0.120081	 8.146344	 1.772268	 0.101923
 8.009779	 1.330342	 -0.119979	 8.146344	 1.772268	 0.101923
 8.017926	 1.332114	 -0.119877	 8.146344	 1.772268	 0.101923
 8.026072	 1.333887	 -0.119775	 8.146344	 1.772268	 0.101923
 8.034218	 1.335659	 -0.119673	 8.146344	 1.772268	 0.101923
 8.042365	 1.337431	 -0.119572	 8.146344	 1.772268	 0.101923
 8.050511	 1.339204	 -0.119470	 8.146344	 1.772268	 0.101923
 8.058657	 1.340976	 -0.119368	 8.146344	 1.772268	 0.101923
 8.066804	 1.342748	 -0.119266	 8.146344	 1.772268	 0.101923
 8.074950	 1.344520	 -0.119164	 8.146344	 1.772268	 0.101923
 8.083096	 1.346293	 -0.119062	 8.146344	 1.772268	 0.101923
 8.091243	 1.348065	 -0.118960	 8.146344	 1.772268	 0.101923
 8.099389	 1.349837	 -0.118858	 8.146344	 1.772268	 0.101923
 8.107535	 1.351609	 -0.118756	 8.146344	 1.772268	 0.101923
 8.115682	 1.353382	 -0.118654	 8.146344	 1.772268	 0.101923
 8.123828	 1.355154	 -0.118552	 8.146344	 1.772268	 0.101923
 8.131974	 1.356926	 -0.118450	 8.146344	 1.772268	 0.101923
 8.140121	 1.358698	 -0.118348	 8.146344	 1.772268	 0.101923
 8.148267	 1.360471	 -0.118247	 8.146344	 1.772268	 0.101923
 8.156414	 1.362243	 -0.118145	 8.146344	 1.772268	 0.101923
 8.164560	 1.364015	 -0.118043	 8.146344	 1.772268	 0.101923
 8.172706	 1.365788	 -0.117941	 8.146344	 1.772268	 0.101923
 8.180853	 1.367560	 -0.117839	 8.146344	 1.772268	 0.101923
 8.188999	 1.369332	 -0.117737	 8.146344	 1.772268	 0.101923
