 0.072415	 -0.658224	 -0.300744	 7.296359	 0.817616	 -0.093900
 0.079711	 -0.657406	 -0.300838	 7.288929	 0.885146	 -0.063045
 0.087000	 -0.656521	 -0.300901	 7.280753	 0.952576	 -0.032188
 0.094281	 -0.655569	 -0.300933	 7.271832	 1.019897	 -0.001333
 0.101553	 -0.654549	 -0.300935	 7.262167	 1.087104	 0.029518
 0.108815	 -0.653462	 -0.300905	 7.251758	 1.154190	 0.060361
 0.116067	 -0.652308	 -0.300845	 7.240608	 1.221147	 0.091193
 0.123307	 -0.651086	 -0.300754	 7.228718	 1.287970	 0.122012
 0.130536	 -0.649798	 -0.300632	 7.216090	 1.354652	 0.152814
 0.137752	 -0.648444	 -0.300479	 7.202724	 1.421186	 0.183596
 0.144955	 -0.647023	 -0.300295	 7.188623	 1.487565	 0.214355
 0.152144	 -0.645535	 -0.300081	 7.173788	 1.553782	 0.245088
 0.159317	 -0.643981	 -0.299836	 7.158221	 1.619832	 0.275792
 0.166476	 -0.642361	 -0.299560	 7.141924	 1.685707	 0.306463
 0.173618	 -0.640676	 -0.299253	 7.124898	 1.751402	 0.337099
 0.180742	 -0.638924	 -0.298916	 7.107146	 1.816908	 0.367697
 0.187850	 -0.637107	 -0.298549	 7.088670	 1.882221	 0.398253
 0.194938	 -0.635225	 -0.298150	 7.069472	 1.947333	 0.428764
 0.202008	 -0.633278	 -0.297722	 7.049554	 2.012237	 0.459228
 0.209057	 -0.631266	 -0.297262	 7.028919	 2.076929	 0.489641
 0.216086	 -0.629189	 -0.296773	 7.007568	 2.141400	 0.520000
 0.223094	 -0.627047	 -0.296253	 6.985504	 2.205644	 0.550303
 0.230079	 -0.624842	 -0.295702	 6.962729	 2.269656	 0.580546
 0.237042	 -0.622572	 -0.295122	 6.939247	 2.333428	 0.610725
 0.243981	 -0.620239	 -0.294511	 6.915060	 2.396955	 0.640839
 0.250896	 -0.617842	 -0.293870	 6.890169	 2.460230	 0.670885
 0.257786	 -0.615381	 -0.293199	 6.864579	 2.523247	 0.700858
 0.264651	 -0.612858	 -0.292499	 6.838292	 2.585999	 0.730756
 0.271489	 -0.610272	 -0.291768	 6.811311	 2.648480	 0.760577
 0.278301	 -0.607624	 -0.291007	 6.783638	 2.710684	 0.790316
 0.285084	 -0.604913	 -0.290217	 6.755277	 2.772606	 0.819972
 0.291840	 -0.602140	 -0.289397	 6.726231	 2.834237	 0.849541
 0.298566	 -0.599306	 -0.288547	 6.696503	 2.895574	 0.879020
 0.305262	 -0.596411	 -0.287668	 6.666097	 2.956609	 0.908406
 0.311928	 -0.593454	 -0.286760	 6.635015	 3.017336	 0.937697
 0.318563	 -0.590437	 -0.285822	 6.603260	 3.077749	 0.966889
 0.325167	 -0.587359	 -0.284855	 6.570838	 3.137843	 0.995980
 0.331738	 -0.584221	 -0.283859	 6.537749	 3.197611	 1.024966
 0.338275	 -0.581023	 -0.282834	 6.504000	 3.257047	 1.053844
 0.344779	 -0.577766	 -0.281781	 6.469592	 3.316146	 1.082613
 0.351249	 -0.574450	 -0.280698	 6.434530	 3.374902	 1.111268
 0.357683	 -0.571075	 -0.279587	 6.398817	 3.433308	 1.139808
 0.364082	 -0.567642	 -0.278447	 6.362458	 3.491359	 1.168229
 0.370445	 -0.564151	 -0.277279	 6.325456	 3.549049	 1.196528
 0.376770	 -0.560602	 -0.276082	 6.287815	 3.606373	 1.224702
 0.383058	 -0.556995	 -0.274857	 6.249538	 3.663325	 1.252749
 0.389307	 -0.553332	 -0.273605	 6.210632	 3.719898	 1.280666
 0.395518	 -0.549612	 -0.272324	 6.171098	 3.776088	 1.308451
 0.401689	 -0.545836	 -0.271016	 6.130942	 3.831890	 1.336099
 0.407820	 -0.542004	 -0.269680	 6.090167	 3.887296	 1.363609
 0.413910	 -0.538117	 -0.268316	 6.048779	 3.942302	 1.390978
 0.419959	 -0.534174	 -0.266925	 6.006781	 3.996903	 1.418203
 0.425966	 -0.530178	 -0.265507	 5.964178	 4.051093	 1.445282
 0.431930	 -0.526126	 -0.264061	 5.920974	 4.104866	 1.472211
 0.437851	 -0.522022	 -0.262589	 5.877175	 4.158217	 1.498988
 0.443728	 -0.517863	 -0.261090	 5.832784	 4.211142	 1.525610
 0.449561	 -0.513652	 -0.259565	 5.787806	 4.263634	 1.552075
 0.455349	 -0.509389	 -0.258013	 5.742246	 4.315689	 1.578380
 0.461091	 -0.505073	 -0.256434	 5.696109	 4.367302	 1.604522
 0.466787	 -0.500706	 -0.254830	 5.649400	 4.418466	 1.630499
 0.472437	 -0.496287	 -0.253199	 5.602123	 4.469178	 1.656309
 0.478039	 -0.491818	 -0.251543	 5.554284	 4.519432	 1.681948
 0.483593	 -0.487299	 -0.249861	 5.505888	 4.569224	 1.707414
 0.489099	 -0.482729	 -0.248153	 5.456939	 4.618547	 1.732704
 0.494556	 -0.478111	 -0.246421	 5.407443	 4.667399	 1.757817
 0.499963	 -0.473443	 -0.244663	 5.357406	 4.715772	 1.782749
 0.505321	 -0.468728	 -0.242880	 5.306831	 4.763664	 1.807498
 0.510627	 -0.463964	 -0.241073	 5.255726	 4.811069	 1.832062
 0.515883	 -0.459153	 -0.239241	 5.204094	 4.857982	 1.856438
 0.521087	 -0.454295	 -0.237384	 5.151942	 4.904400	 1.880624
 0.526239	 -0.449390	 -0.235504	 5.099274	 4.950316	 1.904617
 0.531339	 -0.444440	 -0.233599	 5.046097	 4.995728	 1.928414
 0.536385	 -0.439444	 -0.231671	 4.992416	 5.040629	 1.952015
 0.541377	 -0.434404	 -0.229719	 4.938237	 5.085017	 1.975416
 0.546315	 -0.429319	 -0.227743	 4.883565	 5.128886	 1.998614
 0.551199	 -0.424190	 -0.225745	 4.828406	 5.172232	 2.021608
 0.556027	 -0.419018	 -0.223723	 4.772766	 5.215052	 2.044396
 0.560800	 -0.413803	 -0.221679	 4.716650	 5.257340	 2.066974
 0.565517	 -0.408545	 -0.219612	 4.660065	 5.299093	 2.089342
 0.570177	 -0.403246	 -0.217522	 4.603017	 5.340306	 2.111496
 0.574780	 -0.397906	 -0.215411	 4.545511	 5.380976	 2.133434
 0.579325	 -0.392525	 -0.213277	 4.487553	 5.421099	 2.155155
 0.583813	 -0.387104	 -0.211122	 4.429150	 5.460670	 2.176656
 0.588242	 -0.381643	 -0.208945	 4.370308	 5.499686	 2.197935
 0.592612	 -0.376143	 -0.206748	 4.311032	 5.538143	 2.218990
 0.596923	 -0.370605	 -0.204529	 4.251329	 5.576038	 2.239819
 0.601175	 -0.365029	 -0.202289	 4.191206	 5.613366	 2.260420
 0.605366	 -0.359416	 -0.200028	 4.130668	 5.650124	 2.280790
 0.609496	 -0.353766	 -0.197747	 4.069722	 5.686309	 2.300928
 0.613566	 -0.348079	 -0.195447	 4.008374	 5.721917	 2.320832
 0.617575	 -0.342358	 -0.193126	 3.946631	 5.756944	 2.340500
 0.621521	 -0.336601	 -0.190785	 3.884498	 5.791388	 2.359930
 0.625406	 -0.330809	 -0.188425	 3.821984	 5.825244	 2.379119
 0.629228	 -0.324984	 -0.186046	 3.759093	 5.858510	 2.398067
 0.632987	 -0.319125	 -0.183648	 3.695833	 5.891183	 2.416772
 0.636683	 -0.313234	 -0.181231	 3.632210	 5.923259	 2.435231
 0.640315	 -0.307311	 -0.178796	 3.568232	 5.954735	 2.453442
 0.643883	 -0.301356	 -0.176343	 3.503903	 5.985608	 2.471405
 0.647387	 -0.295371	 -0.173871	 3.439233	 6.015876	 2.489116
 0.650826	 -0.289355	 -0.171382	 3.374226	 6.045536	 2.506575
 0.654200	 -0.283309	 -0.168876	 3.308890	 6.074584	 2.523780
 0.657509	 -0.277235	 -0.166352	 3.243231	 6.103018	 2.540729
 0.660753	 -0.271132	 -0.163811	 3.177257	 6.130835	 2.557421
 0.663930	 -0.265001	 -0.161254	 3.110975	 6.158034	 2.573853
 0.667041	 -0.258843	 -0.158680	 3.044390	 6.184610	 2.590025
 0.670085	 -0.252658	 -0.156090	 2.977511	 6.210562	 2.605935
 0.673063	 -0.246448	 -0.153484	 2.910344	 6.235888	 2.621581
 0.675973	 -0.240212	 -0.150862	 2.842896	 6.260585	 2.636962
 0.678816	 -0.233951	 -0.148225	 2.775175	 6.284650	 2.652075
 0.681591	 -0.227666	 -0.145573	 2.707186	 6.308082	 2.666921
 0.684298	 -0.221358	 -0.142906	 2.638938	 6.330878	 2.681498
 0.686937	 -0.215027	 -0.140225	 2.570437	 6.353037	 2.695803
 0.689508	 -0.208674	 -0.137529	 2.501691	 6.374556	 2.709836
 0.692009	 -0.202300	 -0.134819	 2.432707	 6.395434	 2.723596
 0.694442	 -0.195904	 -0.132096	 2.363491	 6.415668	 2.737081
 0.696806	 -0.189489	 -0.129358	 2.294052	 6.435257	 2.750289
 0.699100	 -0.183054	 -0.126608	 2.224395	 6.454200	 2.763221
 0.701324	 -0.176599	 -0.123845	 2.154529	 6.472493	 2.775874
 0.703479	 -0.170127	 -0.121069	 2.084461	 6.490137	 2.788247
 0.705563	 -0.163637	 -0.118281	 2.014198	 6.507129	 2.800339
 0.707577	 -0.157130	 -0.115481	 1.943747	 6.523468	 2.812149
 0.709521	 -0.150606	 -0.112668	 1.873116	 6.539153	 2.823677
 0.711394	 -0.144067	 -0.109845	 1.802312	 6.554183	 2.834920
 0.713196	 -0.137513	 -0.107010	 1.731342	 6.568555	 2.845879
 0.714928	 -0.130944	 -0.104164	 1.660213	 6.582269	 2.856551
 0.716588	 -0.124362	 -0.101307	 1.588934	 6.595325	 2.866936
 0.718177	 -0.117767	 -0.098440	 1.517511	 6.607720	 2.877033
 0.719694	 -0.111159	 -0.095563	 1.445952	 6.619454	 2.886842
 0.721140	 -0.104539	 -0.092677	 1.374264	 6.630527	 2.896361
 0.722515	 -0.097909	 -0.089780	 1.302454	 6.640937	 2.905590
 0.723817	 -0.091268	 -0.086875	 1.230531	 6.650683	 2.914527
 0.725048	 -0.084617	 -0.083960	 1.158500	 6.659765	 2.923172
 0.726206	 -0.077958	 -0.081037	 1.086371	 6.668183	 2.931525
 0.727292	 -0.071289	 -0.078105	 1.014150	 6.675936	 2.939584
 0.728307	 -0.064613	 -0.075166	 0.941845	 6.683024	 2.947349
 0.729248	 -0.057930	 -0.072218	 0.869463	 6.689445	 2.954819
 0.730118	 -0.051241	 -0.069264	 0.797011	 6.695201	 2.961994
 0.730915	 -0.044546	 -0.066302	 0.724498	 6.700290	 2.968873
 0.731639	 -0.037845	 -0.063333	 0.651930	 6.704712	 2.975456
 0.732291	 -0.031141	 -0.060357	 0.579315	 6.708469	 2.981742
 0.732871	 -0.024432	 -0.057376	 0.506661	 6.711558	 2.987730
 0.733377	 -0.017721	 -0.054388	 0.433974	 6.713981	 2.993420
 0.733811	 -0.011007	 -0.051394	 0.361263	 6.715738	 2.998813
 0.734173	 -0.004291	 -0.048396	 0.288535	 6.716829	 3.003906
 0.734461	 0.002426	 -0.045392	 0.215797	 6.717254	 3.008701
 0.734677	 0.009143	 -0.042383	 0.143057	 6.717014	 3.013197
 0.734820	 0.015860	 -0.039370	 0.070322	 6.716109	 3.017393
 0.734890	 0.022576	 -0.036352	 -0.002401	 6.714539	 3.021289
 0.734888	 0.029291	 -0.033331	 -0.075103	 6.712306	 3.024885
 0.734813	 0.036003	 -0.030306	 -0.147778	 6.709409	 3.028182
 0.734665	 0.042712	 -0.027278	 -0.220418	 6.705850	 3.031177
 0.734445	 0.049418	 -0.024247	 -0.293015	 6.701629	 3.033873
 0.734152	 0.056120	 -0.021213	 -0.365563	 6.696748	 3.036268
 0.733786	 0.062817	 -0.018177	 -0.438054	 6.691206	 3.038363
 0.733348	 0.069508	 -0.015138	 -0.510481	 6.685006	 3.040157
 0.732837	 0.076193	 -0.012098	 -0.582836	 6.678148	 3.041650
 0.732255	 0.082871	 -0.009057	 -0.655111	 6.670634	 3.042844
 0.731599	 0.089542	 -0.006014	 -0.727301	 6.662464	 3.043736
 0.730872	 0.096204	 -0.002970	 -0.799396	 6.653640	 3.044329
 0.730073	 0.102858	 0.000074	 -0.871390	 6.644164	 3.044622
 0.729201	 0.109502	 0.003119	 -0.943276	 6.634036	 3.044614
 0.728258	 0.116136	 0.006164	 -1.015047	 6.623258	 3.044307
 0.727243	 0.122759	 0.009208	 -1.086695	 6.611833	 3.043701
 0.726156	 0.129371	 0.012252	 -1.158212	 6.599760	 3.042795
 0.724998	 0.135971	 0.015294	 -1.229593	 6.587043	 3.041591
 0.723769	 0.142558	 0.018336	 -1.300829	 6.573683	 3.040088
 0.722468	 0.149132	 0.021376	 -1.371913	 6.559682	 3.038287
 0.721096	 0.155691	 0.024414	 -1.442839	 6.545041	 3.036189
 0.719653	 0.162236	 0.027451	 -1.513599	 6.529764	 3.033793
 0.718139	 0.168766	 0.030484	 -1.584186	 6.513851	 3.031101
 0.716555	 0.175280	 0.033515	 -1.654594	 6.497305	 3.028112
 0.714901	 0.181777	 0.036544	 -1.724814	 6.480128	 3.024827
 0.713176	 0.188257	 0.039568	 -1.794841	 6.462322	 3.021248
 0.711381	 0.194720	 0.042590	 -1.864666	 6.443890	 3.017374
 0.709516	 0.201164	 0.045607	 -1.934284	 6.424834	 3.013206
 0.707582	 0.207588	 0.048620	 -2.003687	 6.405157	 3.008745
 0.705578	 0.213994	 0.051629	 -2.072869	 6.384861	 3.003991
 0.703505	 0.220378	 0.054633	 -2.141822	 6.363948	 2.998946
 0.701364	 0.226742	 0.057632	 -2.210540	 6.342422	 2.993609
 0.699153	 0.233085	 0.060626	 -2.279016	 6.320284	 2.987982
 0.696874	 0.239405	 0.063614	 -2.347243	 6.297539	 2.982066
 0.694527	 0.245703	 0.066596	 -2.415214	 6.274188	 2.975861
 0.692112	 0.251977	 0.069571	 -2.482924	 6.250234	 2.969369
 0.689629	 0.258227	 0.072541	 -2.550365	 6.225681	 2.962590
 0.687078	 0.264453	 0.075503	 -2.617530	 6.200531	 2.955525
 0.684461	 0.270653	 0.078459	 -2.684414	 6.174788	 2.948175
 0.681776	 0.276828	 0.081407	 -2.751009	 6.148455	 2.940541
 0.679025	 0.282976	 0.084348	 -2.817309	 6.121534	 2.932625
 0.676208	 0.289098	 0.087280	 -2.883308	 6.094030	 2.924426
 0.673325	 0.295192	 0.090205	 -2.948999	 6.065945	 2.915947
 0.670376	 0.301258	 0.093121	 -3.014376	 6.037283	 2.907189
 0.667361	 0.307295	 0.096028	 -3.079433	 6.008047	 2.898152
 0.664282	 0.313303	 0.098926	 -3.144163	 5.978242	 2.888838
 0.661138	 0.319282	 0.101815	 -3.208560	 5.947869	 2.879248
 0.657929	 0.325229	 0.104694	 -3.272618	 5.916934	 2.869383
 0.654657	 0.331146	 0.107563	 -3.336331	 5.885439	 2.859244
 0.651320	 0.337032	 0.110423	 -3.399693	 5.853389	 2.848834
 0.647921	 0.342885	 0.113272	 -3.462698	 5.820786	 2.838152
 0.644458	 0.348706	 0.116110	 -3.525339	 5.787636	 2.827201
 0.640933	 0.354494	 0.118937	 -3.587611	 5.753942	 2.815982
 0.637345	 0.360248	 0.121753	 -3.649508	 5.719707	 2.804496
 0.633695	 0.365967	 0.124557	 -3.711024	 5.684936	 2.792744
 0.629984	 0.371652	 0.127350	 -3.772153	 5.649634	 2.780729
 0.626212	 0.377302	 0.130131	 -3.832889	 5.613803	 2.768451
 0.622379	 0.382916	 0.132899	 -3.893228	 5.577448	 2.755912
 0.618486	 0.388493	 0.135655	 -3.953162	 5.540573	 2.743114
 0.614533	 0.394034	 0.138398	 -4.012688	 5.503183	 2.730058
 0.610520	 0.399537	 0.141128	 -4.071798	 5.465282	 2.716746
 0.606448	 0.405002	 0.143845	 -4.130488	 5.426874	 2.703179
 0.602318	 0.410429	 0.146548	 -4.188752	 5.387964	 2.689359
 0.598129	 0.415817	 0.149238	 -4.246585	 5.348556	 2.675288
 0.593883	 0.421166	 0.151913	 -4.303982	 5.308654	 2.660967
 0.589579	 0.426474	 0.154574	 -4.360936	 5.268263	 2.646399
 0.585218	 0.431742	 0.157220	 -4.417444	 5.227388	 2.631584
 0.580800	 0.436970	 0.159852	 -4.473500	 5.186033	 2.616524
 0.576327	 0.442156	 0.162468	 -4.529098	 5.144203	 2.601222
 0.571798	 0.447300	 0.165070	 -4.584234	 5.101903	 2.585679
 0.567213	 0.452402	 0.167655	 -4.638903	 5.059137	 2.569897
 0.562575	 0.457461	 0.170225	 -4.693100	 5.015910	 2.553877
 0.557881	 0.462477	 0.172779	 -4.746820	 4.972228	 2.537622
 0.553135	 0.467449	 0.175317	 -4.800059	 4.928094	 2.521134
 0.548335	 0.472377	 0.177838	 -4.852811	 4.883514	 2.504415
 0.543482	 0.477261	 0.180342	 -4.905071	 4.838492	 2.487465
 0.538577	 0.482099	 0.182830	 -4.956836	 4.793035	 2.470288
 0.533620	 0.486892	 0.185300	 -5.008101	 4.747146	 2.452885
 0.528612	 0.491640	 0.187753	 -5.058861	 4.700831	 2.435259
 0.523553	 0.496340	 0.190188	 -5.109112	 4.654094	 2.417411
 0.518444	 0.500994	 0.192606	 -5.158849	 4.606942	 2.399343
 0.513285	 0.505601	 0.195005	 -5.208069	 4.559379	 2.381058
 0.508077	 0.510161	 0.197386	 -5.256766	 4.511411	 2.362557
 0.502820	 0.514672	 0.199749	 -5.304937	 4.463042	 2.343842
 0.497515	 0.519135	 0.202092	 -5.352578	 4.414278	 2.324917
 0.492163	 0.523550	 0.204417	 -5.399685	 4.365125	 2.305782
 0.486763	 0.527915	 0.206723	 -5.446253	 4.315587	 2.286440
 0.481317	 0.532230	 0.209010	 -5.492279	 4.265670	 2.266893
 0.475824	 0.536496	 0.211276	 -5.537759	 4.215379	 2.247144
 0.470287	 0.540711	 0.213524	 -5.582689	 4.164720	 2.227194
 0.464704	 0.544876	 0.215751	 -5.627065	 4.113698	 2.207046
 0.459077	 0.548990	 0.217958	 -5.670884	 4.062319	 2.186701
 0.453406	 0.553052	 0.220144	 -5.714143	 4.010588	 2.166163
 0.447692	 0.557063	 0.222311	 -5.756837	 3.958511	 2.145434
 0.441935	 0.561021	 0.224456	 -5.798963	 3.906093	 2.124515
 0.436136	 0.564927	 0.226581	 -5.840519	 3.853340	 2.103410
 0.430296	 0.568781	 0.228684	 -5.881500	 3.800258	 2.082119
 0.424414	 0.572581	 0.230766	 -5.921903	 3.746851	 2.060647
 0.418492	 0.576328	 0.232827	 -5.961725	 3.693126	 2.038994
 0.412530	 0.580021	 0.234866	 -6.000964	 3.639089	 2.017164
 0.406529	 0.583660	 0.236883	 -6.039615	 3.584745	 1.995158
 0.400490	 0.587245	 0.238878	 -6.077677	 3.530099	 1.972980
 0.394412	 0.590775	 0.240851	 -6.115146	 3.475158	 1.950631
 0.388297	 0.594250	 0.242802	 -6.152019	 3.419927	 1.928114
 0.382145	 0.597670	 0.244730	 -6.188293	 3.364413	 1.905432
 0.375957	 0.601034	 0.246635	 -6.223967	 3.308620	 1.882586
 0.369733	 0.604343	 0.248518	 -6.259037	 3.252554	 1.859580
 0.363474	 0.607595	 0.250377	 -6.293500	 3.196223	 1.836415
 0.357180	 0.610792	 0.252214	 -6.327355	 3.139630	 1.813094
 0.350853	 0.613931	 0.254027	 -6.360598	 3.082782	 1.789620
 0.344492	 0.617014	 0.255817	 -6.393228	 3.025686	 1.765995
 0.338099	 0.620040	 0.257583	 -6.425242	 2.968346	 1.742222
 0.331674	 0.623008	 0.259325	 -6.456638	 2.910769	 1.718303
 0.325217	 0.625919	 0.261043	 -6.487414	 2.852960	 1.694240
 0.318730	 0.628772	 0.262737	 -6.517567	 2.794926	 1.670037
 0.312212	 0.631567	 0.264407	 -6.547097	 2.736672	 1.645695
 0.305665	 0.634303	 0.266053	 -6.576000	 2.678205	 1.621217
 0.299089	 0.636982	 0.267674	 -6.604275	 2.619529	 1.596606
 0.292485	 0.639601	 0.269271	 -6.631920	 2.560652	 1.571865
 0.285853	 0.642162	 0.270843	 -6.658934	 2.501579	 1.546995
 0.279194	 0.644663	 0.272390	 -6.685314	 2.442316	 1.522000
 0.272509	 0.647106	 0.273912	 -6.711060	 2.382869	 1.496882
 0.265798	 0.649489	 0.275409	 -6.736169	 2.323244	 1.471643
 0.259061	 0.651812	 0.276880	 -6.760641	 2.263446	 1.446287
 0.252301	 0.654075	 0.278327	 -6.784473	 2.203483	 1.420815
 0.245516	 0.656279	 0.279747	 -6.807665	 2.143359	 1.395231
 0.238709	 0.658422	 0.281143	 -6.830215	 2.083081	 1.369537
 0.231878	 0.660505	 0.282512	 -6.852123	 2.022655	 1.343735
 0.225026	 0.662528	 0.283856	 -6.873386	 1.962086	 1.317828
 0.218153	 0.664490	 0.285174	 -6.894004	 1.901381	 1.291820
 0.211259	 0.666391	 0.286466	 -6.913977	 1.840546	 1.265712
 0.204345	 0.668232	 0.287731	 -6.933302	 1.779586	 1.239506
 0.197412	 0.670011	 0.288971	 -6.951980	 1.718508	 1.213207
 0.190460	 0.671730	 0.290184	 -6.970009	 1.657317	 1.186816
 0.183490	 0.673387	 0.291371	 -6.987389	 1.596020	 1.160336
 0.176502	 0.674983	 0.292531	 -7.004119	 1.534621	 1.133769
 0.169498	 0.676518	 0.293665	 -7.020199	 1.473129	 1.107119
 0.162478	 0.677991	 0.294772	 -7.035628	 1.411547	 1.080387
 0.155442	 0.679403	 0.295852	 -7.050406	 1.349883	 1.053577
 0.148392	 0.680752	 0.296906	 -7.064532	 1.288141	 1.026691
 0.141327	 0.682041	 0.297933	 -7.078006	 1.226329	 0.999732
 0.134249	 0.683267	 0.298932	 -7.090828	 1.164451	 0.972702
 0.127158	 0.684431	 0.299905	 -7.102997	 1.102514	 0.945605
 0.120055	 0.685534	 0.300851	 -7.114514	 1.040524	 0.918442
 0.112941	 0.686574	 0.301769	 -7.125378	 0.978487	 0.891216
 0.105816	 0.687553	 0.302660	 -7.135590	 0.916408	 0.863931
 0.098680	 0.688469	 0.303524	 -7.145150	 0.854293	 0.836588
 0.091535	 0.689324	 0.304361	 -7.154057	 0.792148	 0.809190
 0.084381	 0.690116	 0.305170	 -7.162313	 0.729979	 0.781740
 0.077218	 0.690846	 0.305952	 -7.169916	 0.667791	 0.754241
 0.070049	 0.691513	 0.306706	 -7.176869	 0.605591	 0.726695
 0.062872	 0.692119	 0.307433	 -7.183170	 0.543385	 0.699104
 0.055689	 0.692662	 0.308132	 -7.188821	 0.481177	 0.671472
 0.048500	 0.693144	 0.308803	 -7.193822	 0.418975	 0.643801
 0.041306	 0.693563	 0.309447	 -7.198174	 0.356782	 0.616094
 0.034108	 0.693919	 0.310063	 -7.201877	 0.294606	 0.588353
 0.026906	 0.694214	 0.310652	 -7.204932	 0.232452	 0.560581
 0.019701	 0.694446	 0.311212	 -7.207339	 0.170326	 0.532780
 0.012494	 0.694617	 0.311745	 -7.209101	 0.108233	 0.504953
 0.005284	 0.694725	 0.312250	 -7.210217	 0.046179	 0.477103
 -0.001926	 0.694771	 0.312727	 -7.210689	 -0.015831	 0.449233
 -0.009136	 0.694755	 0.313176	 -7.210517	 -0.077791	 0.421344
 -0.016347	 0.694678	 0.313598	 -7.209703	 -0.139694	 0.393439
 -0.023557	 0.694538	 0.313991	 -7.208248	 -0.201537	 0.365522
 -0.030765	 0.694336	 0.314356	 -7.206152	 -0.263312	 0.337594
 -0.037971	 0.694073	 0.314694	 -7.203418	 -0.325016	 0.309658
 -0.045175	 0.693748	 0.315004	 -7.200047	 -0.386641	 0.281717
 -0.052375	 0.693361	 0.315285	 -7.196040	 -0.448183	 0.253773
 -0.059571	 0.692913	 0.315539	 -7.191398	 -0.509637	 0.225829
 -0.066762	 0.692404	 0.315765	 -7.186122	 -0.570996	 0.197887
 -0.073948	 0.691833	 0.315963	 -7.180216	 -0.632255	 0.169950
 -0.081128	 0.691200	 0.316133	 -7.173679	 -0.693410	 0.142021
 -0.088302	 0.690507	 0.316275	 -7.166514	 -0.754454	 0.114101
 -0.095469	 0.689752	 0.316389	 -7.158723	 -0.815383	 0.086193
 -0.102627	 0.688937	 0.316475	 -7.150306	 -0.876191	 0.058301
 -0.109778	 0.688061	 0.316534	 -7.141267	 -0.936873	 0.030426
 -0.116919	 0.687124	 0.316564	 -7.131606	 -0.997423	 0.002570
 -0.124050	 0.686127	 0.316567	 -7.121326	 -1.057836	 -0.025263
 -0.131172	 0.685069	 0.316541	 -7.110429	 -1.118108	 -0.053071
 -0.138282	 0.683951	 0.316488	 -7.098917	 -1.178233	 -0.080852
 -0.145381	 0.682772	 0.316407	 -7.086792	 -1.238205	 -0.108603
 -0.152468	 0.681534	 0.316299	 -7.074056	 -1.298021	 -0.136323
 -0.159542	 0.680236	 0.316162	 -7.060710	 -1.357674	 -0.164008
 -0.166603	 0.678878	 0.315998	 -7.046759	 -1.417160	 -0.191656
 -0.173649	 0.677461	 0.315807	 -7.032203	 -1.476473	 -0.219264
 -0.180682	 0.675985	 0.315587	 -7.017045	 -1.535610	 -0.246832
 -0.187699	 0.674449	 0.315341	 -7.001287	 -1.594564	 -0.274355
 -0.194700	 0.672855	 0.315066	 -6.984932	 -1.653330	 -0.301831
 -0.201685	 0.671201	 0.314764	 -6.967983	 -1.711905	 -0.329259
 -0.208653	 0.669489	 0.314435	 -6.950441	 -1.770283	 -0.356636
 -0.215603	 0.667719	 0.314079	 -6.932310	 -1.828459	 -0.383959
 -0.222536	 0.665891	 0.313695	 -6.913592	 -1.886429	 -0.411226
 -0.229449	 0.664004	 0.313283	 -6.894289	 -1.944187	 -0.438436
 -0.236344	 0.662060	 0.312845	 -6.874405	 -2.001730	 -0.465585
 -0.243218	 0.660058	 0.312379	 -6.853942	 -2.059052	 -0.492671
 -0.250072	 0.657999	 0.311887	 -6.832904	 -2.116148	 -0.519693
 -0.256905	 0.655883	 0.311367	 -6.811291	 -2.173015	 -0.546647
 -0.263716	 0.653710	 0.310820	 -6.789109	 -2.229647	 -0.573532
 -0.270505	 0.651480	 0.310247	 -6.766359	 -2.286040	 -0.600346
 -0.277272	 0.649194	 0.309646	 -6.743045	 -2.342190	 -0.627085
 -0.284015	 0.646852	 0.309019	 -6.719169	 -2.398092	 -0.653749
 -0.290734	 0.644454	 0.308366	 -6.694735	 -2.453741	 -0.680334
 -0.297428	 0.642000	 0.307685	 -6.669746	 -2.509133	 -0.706838
 -0.304098	 0.639491	 0.306978	 -6.644205	 -2.564264	 -0.733261
 -0.310742	 0.636927	 0.306245	 -6.618114	 -2.619130	 -0.759598
 -0.317361	 0.634308	 0.305486	 -6.591478	 -2.673726	 -0.785849
 -0.323952	 0.631634	 0.304700	 -6.564300	 -2.728047	 -0.812010
 -0.330516	 0.628906	 0.303888	 -6.536582	 -2.782090	 -0.838080
 -0.337053	 0.626124	 0.303050	 -6.508329	 -2.835851	 -0.864058
 -0.343561	 0.623288	 0.302186	 -6.479543	 -2.889325	 -0.889940
 -0.350041	 0.620399	 0.301296	 -6.450228	 -2.942509	 -0.915724
 -0.356491	 0.617456	 0.300380	 -6.420387	 -2.995398	 -0.941410
 -0.362911	 0.614461	 0.299439	 -6.390024	 -3.047987	 -0.966994
 -0.369301	 0.611413	 0.298472	 -6.359142	 -3.100274	 -0.992474
 -0.375661	 0.608313	 0.297479	 -6.327746	 -3.152254	 -1.017849
 -0.381988	 0.605160	 0.296461	 -6.295837	 -3.203924	 -1.043117
 -0.388284	 0.601957	 0.295418	 -6.263421	 -3.255279	 -1.068275
 -0.394548	 0.598701	 0.294350	 -6.230501	 -3.306315	 -1.093322
 -0.400778	 0.595395	 0.293256	 -6.197080	 -3.357030	 -1.118255
 -0.406975	 0.592038	 0.292138	 -6.163162	 -3.407418	 -1.143073
 -0.413138	 0.588630	 0.290995	 -6.128751	 -3.457477	 -1.167775
 -0.419267	 0.585173	 0.289827	 -6.093850	 -3.507202	 -1.192357
 -0.425361	 0.581666	 0.288635	 -6.058464	 -3.556591	 -1.216818
 -0.431419	 0.578109	 0.287418	 -6.022597	 -3.605638	 -1.241157
 -0.437442	 0.574504	 0.286177	 -5.986251	 -3.654342	 -1.265371
 -0.443428	 0.570849	 0.284912	 -5.949431	 -3.702698	 -1.289458
 -0.449378	 0.567147	 0.283622	 -5.912142	 -3.750703	 -1.313418
 -0.455290	 0.563396	 0.282309	 -5.874386	 -3.798353	 -1.337247
 -0.461164	 0.559597	 0.280972	 -5.836168	 -3.845646	 -1.360944
 -0.467000	 0.555752	 0.279611	 -5.797492	 -3.892577	 -1.384508
 -0.472798	 0.551859	 0.278226	 -5.758362	 -3.939143	 -1.407937
 -0.478556	 0.547920	 0.276818	 -5.718782	 -3.985342	 -1.431229
 -0.484275	 0.543935	 0.275387	 -5.678757	 -4.031169	 -1.454381
 -0.489954	 0.539904	 0.273933	 -5.638289	 -4.076623	 -1.477394
 -0.495592	 0.535827	 0.272455	 -5.597383	 -4.121698	 -1.500264
 -0.501189	 0.531705	 0.270955	 -5.556044	 -4.166393	 -1.522990
 -0.506745	 0.527539	 0.269432	 -5.514276	 -4.210705	 -1.545571
 -0.512260	 0.523328	 0.267886	 -5.472082	 -4.254630	 -1.568005
 -0.517732	 0.519074	 0.266318	 -5.429468	 -4.298165	 -1.590290
 -0.523161	 0.514775	 0.264728	 -5.386437	 -4.341308	 -1.612425
 -0.528548	 0.510434	 0.263116	 -5.342994	 -4.384055	 -1.634408
 -0.533891	 0.506050	 0.261481	 -5.299142	 -4.426403	 -1.656238
 -0.539190	 0.501624	 0.259825	 -5.254887	 -4.468351	 -1.677913
 -0.544445	 0.497155	 0.258147	 -5.210232	 -4.509895	 -1.699431
 -0.549655	 0.492645	 0.256448	 -5.165182	 -4.551032	 -1.720791
 -0.554820	 0.488094	 0.254727	 -5.119741	 -4.591759	 -1.741992
 -0.559940	 0.483503	 0.252985	 -5.073914	 -4.632075	 -1.763032
 -0.565014	 0.478870	 0.251222	 -5.027705	 -4.671976	 -1.783910
 -0.570042	 0.474199	 0.249438	 -4.981119	 -4.711459	 -1.804623
 -0.575023	 0.469487	 0.247633	 -4.934160	 -4.750523	 -1.825172
 -0.579957	 0.464737	 0.245808	 -4.886832	 -4.789165	 -1.845553
 -0.584844	 0.459947	 0.243963	 -4.839140	 -4.827382	 -1.865767
 -0.589683	 0.455120	 0.242097	 -4.791088	 -4.865172	 -1.885812
 -0.594474	 0.450255	 0.240211	 -4.742681	 -4.902533	 -1.905685
 -0.599217	 0.445352	 0.238305	 -4.693924	 -4.939461	 -1.925387
 -0.603910	 0.440413	 0.236380	 -4.644821	 -4.975956	 -1.944915
 -0.608555	 0.435437	 0.234435	 -4.595376	 -5.012015	 -1.964268
 -0.613151	 0.430425	 0.232471	 -4.545594	 -5.047635	 -1.983446
 -0.617696	 0.425377	 0.230487	 -4.495480	 -5.082814	 -2.002446
 -0.622192	 0.420294	 0.228485	 -4.445038	 -5.117551	 -2.021268
 -0.626637	 0.415177	 0.226464	 -4.394274	 -5.151843	 -2.039910
 -0.631031	 0.410025	 0.224424	 -4.343190	 -5.185688	 -2.058371
 -0.635374	 0.404839	 0.222365	 -4.291793	 -5.219084	 -2.076650
 -0.639666	 0.399620	 0.220289	 -4.240087	 -5.252030	 -2.094746
 -0.643906	 0.394368	 0.218194	 -4.188076	 -5.284523	 -2.112658
 -0.648094	 0.389084	 0.216081	 -4.135765	 -5.316561	 -2.130384
 -0.652230	 0.383767	 0.213951	 -4.083159	 -5.348143	 -2.147923
 -0.656313	 0.378419	 0.211803	 -4.030263	 -5.379267	 -2.165275
 -0.660343	 0.373040	 0.209638	 -3.977081	 -5.409931	 -2.182438
 -0.664320	 0.367630	 0.207455	 -3.923617	 -5.440133	 -2.199410
 -0.668244	 0.362190	 0.205256	 -3.869878	 -5.469872	 -2.216192
 -0.672114	 0.356720	 0.203040	 -3.815866	 -5.499147	 -2.232782
 -0.675930	 0.351221	 0.200807	 -3.761588	 -5.527955	 -2.249179
 -0.679691	 0.345693	 0.198558	 -3.707048	 -5.556294	 -2.265382
 -0.683398	 0.340136	 0.196292	 -3.652250	 -5.584165	 -2.281391
 -0.687051	 0.334552	 0.194011	 -3.597199	 -5.611564	 -2.297203
 -0.690648	 0.328941	 0.191714	 -3.541900	 -5.638491	 -2.312818
 -0.694190	 0.323302	 0.189401	 -3.486358	 -5.664945	 -2.328236
 -0.697676	 0.317637	 0.187073	 -3.430578	 -5.690923	 -2.343455
 -0.701107	 0.311946	 0.184729	 -3.374564	 -5.716425	 -2.358474
 -0.704481	 0.306230	 0.182371	 -3.318321	 -5.741449	 -2.373293
 -0.707800	 0.300488	 0.179997	 -3.261854	 -5.765995	 -2.387911
 -0.711061	 0.294722	 0.177609	 -3.205168	 -5.790060	 -2.402326
 -0.714267	 0.288932	 0.175207	 -3.148267	 -5.813645	 -2.416539
 -0.717415	 0.283119	 0.172791	 -3.091157	 -5.836747	 -2.430548
 -0.720506	 0.277282	 0.170360	 -3.033841	 -5.859366	 -2.444353
 -0.723540	 0.271423	 0.167916	 -2.976326	 -5.881500	 -2.457952
 -0.726516	 0.265541	 0.165458	 -2.918615	 -5.903149	 -2.471345
 -0.729435	 0.259638	 0.162986	 -2.860713	 -5.924312	 -2.484532
 -0.732296	 0.253714	 0.160502	 -2.802626	 -5.944988	 -2.497511
 -0.735098	 0.247769	 0.158004	 -2.744358	 -5.965176	 -2.510282
 -0.737843	 0.241803	 0.155494	 -2.685914	 -5.984875	 -2.522844
 -0.740528	 0.235819	 0.152971	 -2.627298	 -6.004084	 -2.535197
 -0.743156	 0.229815	 0.150436	 -2.568516	 -6.022803	 -2.547339
 -0.745724	 0.223792	 0.147889	 -2.509572	 -6.041031	 -2.559271
 -0.748234	 0.217751	 0.145329	 -2.450471	 -6.058767	 -2.570992
 -0.750684	 0.211692	 0.142758	 -2.391218	 -6.076011	 -2.582501
 -0.753076	 0.205616	 0.140176	 -2.331817	 -6.092762	 -2.593797
 -0.755407	 0.199523	 0.137582	 -2.272274	 -6.109019	 -2.604880
 -0.757680	 0.193414	 0.134977	 -2.212594	 -6.124782	 -2.615750
 -0.759892	 0.187289	 0.132362	 -2.152780	 -6.140051	 -2.626405
 -0.762045	 0.181149	 0.129735	 -2.092838	 -6.154825	 -2.636846
 -0.764138	 0.174994	 0.127098	 -2.032773	 -6.169103	 -2.647072
 -0.766171	 0.168825	 0.124451	 -1.972589	 -6.182886	 -2.657082
 -0.768143	 0.162642	 0.121794	 -1.912292	 -6.196172	 -2.666877
 -0.770056	 0.156446	 0.119127	 -1.851885	 -6.208963	 -2.676455
 -0.771907	 0.150237	 0.116451	 -1.791374	 -6.221256	 -2.685816
 -0.773699	 0.144016	 0.113765	 -1.730764	 -6.233053	 -2.694959
 -0.775430	 0.137783	 0.111070	 -1.670059	 -6.244353	 -2.703886
 -0.777100	 0.131539	 0.108366	 -1.609263	 -6.255155	 -2.712594
 -0.778709	 0.125284	 0.105654	 -1.548383	 -6.265460	 -2.721083
 -0.780257	 0.119018	 0.102932	 -1.487422	 -6.275268	 -2.729354
 -0.781745	 0.112743	 0.100203	 -1.426385	 -6.284578	 -2.737406
 -0.783171	 0.106458	 0.097466	 -1.365278	 -6.293391	 -2.745239
 -0.784536	 0.100165	 0.094720	 -1.304104	 -6.301707	 -2.752852
 -0.785840	 0.093863	 0.091968	 -1.242868	 -6.309525	 -2.760245
 -0.787083	 0.087554	 0.089207	 -1.181576	 -6.316846	 -2.767419
 -0.788265	 0.081237	 0.086440	 -1.120231	 -6.323670	 -2.774371
 -0.789385	 0.074913	 0.083666	 -1.058839	 -6.329997	 -2.781103
 -0.790444	 0.068583	 0.080884	 -0.997405	 -6.335827	 -2.787615
 -0.791441	 0.062247	 0.078097	 -0.935932	 -6.341160	 -2.793905
 -0.792377	 0.055906	 0.075303	 -0.874425	 -6.345998	 -2.799974
 -0.793252	 0.049560	 0.072503	 -0.812890	 -6.350340	 -2.805822
 -0.794065	 0.043210	 0.069697	 -0.751331	 -6.354186	 -2.811449
 -0.794816	 0.036856	 0.066886	 -0.689753	 -6.357536	 -2.816854
 -0.795506	 0.030498	 0.064069	 -0.628159	 -6.360393	 -2.822037
 -0.796134	 0.024138	 0.061247	 -0.566556	 -6.362754	 -2.826998
 -0.796700	 0.017775	 0.058420	 -0.504947	 -6.364622	 -2.831738
 -0.797205	 0.011410	 0.055588	 -0.443337	 -6.365997	 -2.836256
 -0.797649	 0.005044	 0.052752	 -0.381730	 -6.366878	 -2.840552
 -0.798030	 -0.001323	 0.049911	 -0.320132	 -6.367268	 -2.844625
 -0.798351	 -0.007690	 0.047067	 -0.258547	 -6.367166	 -2.848477
 -0.798609	 -0.014057	 0.044218	 -0.196979	 -6.366573	 -2.852107
 -0.798806	 -0.020424	 0.041366	 -0.135433	 -6.365490	 -2.855514
 -0.798941	 -0.026789	 0.038511	 -0.073913	 -6.363917	 -2.858700
 -0.799015	 -0.033153	 0.035652	 -0.012424	 -6.361855	 -2.861664
 -0.799028	 -0.039515	 0.032790	 0.049029	 -6.359305	 -2.864406
 -0.798979	 -0.045874	 0.029926	 0.110442	 -6.356268	 -2.866926
 -0.798868	 -0.052230	 0.027059	 0.171811	 -6.352744	 -2.869225
 -0.798697	 -0.058583	 0.024190	 0.233130	 -6.348735	 -2.871302
 -0.798463	 -0.064932	 0.021318	 0.294397	 -6.344241	 -2.873157
 -0.798169	 -0.071276	 0.018445	 0.355605	 -6.339264	 -2.874792
 -0.797813	 -0.077615	 0.015570	 0.416751	 -6.333804	 -2.876205
 -0.797397	 -0.083949	 0.012694	 0.477830	 -6.327862	 -2.877397
 -0.796919	 -0.090277	 0.009817	 0.538838	 -6.321439	 -2.878368
 -0.796380	 -0.096599	 0.006938	 0.599771	 -6.314536	 -2.879119
 -0.795780	 -0.102913	 0.004059	 0.660624	 -6.307155	 -2.879649
 -0.795120	 -0.109220	 0.001180	 0.721392	 -6.299296	 -2.879959
 -0.794398	 -0.115520	 -0.001700	 0.782071	 -6.290961	 -2.880049
 -0.793616	 -0.121811	 -0.004580	 0.842658	 -6.282151	 -2.879919
 -0.792773	 -0.128093	 -0.007460	 0.903147	 -6.272866	 -2.879570
 -0.791870	 -0.134366	 -0.010340	 0.963535	 -6.263109	 -2.879002
 -0.790907	 -0.140629	 -0.013219	 1.023816	 -6.252880	 -2.878215
 -0.789883	 -0.146882	 -0.016097	 1.083988	 -6.242182	 -2.877209
 -0.788799	 -0.153124	 -0.018974	 1.144045	 -6.231014	 -2.875985
 -0.787655	 -0.159355	 -0.021850	 1.203983	 -6.219378	 -2.874543
 -0.786451	 -0.165574	 -0.024725	 1.263798	 -6.207277	 -2.872884
 -0.785187	 -0.171781	 -0.027598	 1.323486	 -6.194711	 -2.871007
 -0.783864	 -0.177976	 -0.030469	 1.383042	 -6.181681	 -2.868914
 -0.782481	 -0.184158	 -0.033338	 1.442464	 -6.168189	 -2.866604
 -0.781038	 -0.190326	 -0.036204	 1.501745	 -6.154237	 -2.864079
 -0.779536	 -0.196480	 -0.039068	 1.560882	 -6.139827	 -2.861337
 -0.777976	 -0.202620	 -0.041930	 1.619872	 -6.124958	 -2.858381
 -0.776356	 -0.208745	 -0.044788	 1.678709	 -6.109635	 -2.855210
 -0.774677	 -0.214855	 -0.047643	 1.737390	 -6.093857	 -2.851825
 -0.772940	 -0.220948	 -0.050495	 1.795911	 -6.077626	 -2.848226
 -0.771144	 -0.227026	 -0.053343	 1.854268	 -6.060944	 -2.844413
 -0.769289	 -0.233087	 -0.056188	 1.912456	 -6.043814	 -2.840388
 -0.767377	 -0.239131	 -0.059028	 1.970471	 -6.026236	 -2.836151
 -0.765406	 -0.245157	 -0.061864	 2.028311	 -6.008212	 -2.831702
 -0.763378	 -0.251165	 -0.064696	 2.085969	 -5.989744	 -2.827041
 -0.761292	 -0.257155	 -0.067523	 2.143444	 -5.970834	 -2.822170
 -0.759149	 -0.263126	 -0.070345	 2.200730	 -5.951483	 -2.817089
 -0.756948	 -0.269077	 -0.073162	 2.257824	 -5.931694	 -2.811799
 -0.754690	 -0.275009	 -0.075974	 2.314722	 -5.911468	 -2.806299
 -0.752375	 -0.280921	 -0.078780	 2.371419	 -5.890807	 -2.800592
 -0.750004	 -0.286811	 -0.081581	 2.427913	 -5.869714	 -2.794676
 -0.747576	 -0.292681	 -0.084376	 2.484199	 -5.848189	 -2.788554
 -0.745092	 -0.298529	 -0.087164	 2.540273	 -5.826236	 -2.782225
 -0.742552	 -0.304355	 -0.089946	 2.596132	 -5.803855	 -2.775690
 -0.739956	 -0.310159	 -0.092722	 2.651772	 -5.781050	 -2.768951
 -0.737304	 -0.315940	 -0.095491	 2.707189	 -5.757822	 -2.762007
 -0.734597	 -0.321698	 -0.098253	 2.762379	 -5.734172	 -2.754859
 -0.731834	 -0.327432	 -0.101008	 2.817338	 -5.710104	 -2.747508
 -0.729017	 -0.333142	 -0.103755	 2.872064	 -5.685619	 -2.739955
 -0.726145	 -0.338828	 -0.106495	 2.926551	 -5.660720	 -2.732200
 -0.723218	 -0.344489	 -0.109228	 2.980797	 -5.635408	 -2.724244
 -0.720237	 -0.350124	 -0.111952	 3.034798	 -5.609686	 -2.716088
 -0.717203	 -0.355734	 -0.114668	 3.088550	 -5.583556	 -2.707733
 -0.714114	 -0.361317	 -0.117376	 3.142049	 -5.557020	 -2.699180
 -0.710972	 -0.366874	 -0.120075	 3.195293	 -5.530081	 -2.690428
 -0.707777	 -0.372405	 -0.122765	 3.248277	 -5.502740	 -2.681480
 -0.704528	 -0.377907	 -0.125447	 3.300997	 -5.475000	 -2.672335
 -0.701227	 -0.383382	 -0.128119	 3.353452	 -5.446864	 -2.662996
 -0.697874	 -0.388829	 -0.130782	 3.405636	 -5.418333	 -2.653461
 -0.694468	 -0.394248	 -0.133436	 3.457546	 -5.389411	 -2.643733
 -0.691011	 -0.399637	 -0.136079	 3.509180	 -5.360099	 -2.633812
 -0.687502	 -0.404997	 -0.138713	 3.560533	 -5.330399	 -2.623699
 -0.683941	 -0.410327	 -0.141337	 3.611602	 -5.300315	 -2.613396
 -0.680330	 -0.415628	 -0.143950	 3.662384	 -5.269849	 -2.602901
 -0.676667	 -0.420898	 -0.146553	 3.712875	 -5.239003	 -2.592218
 -0.672954	 -0.426137	 -0.149145	 3.763072	 -5.207779	 -2.581346
 -0.669191	 -0.431344	 -0.151727	 3.812972	 -5.176181	 -2.570287
 -0.665378	 -0.436521	 -0.154297	 3.862572	 -5.144210	 -2.559041
 -0.661516	 -0.441665	 -0.156856	 3.911867	 -5.111870	 -2.547610
 -0.657604	 -0.446777	 -0.159404	 3.960856	 -5.079163	 -2.535994
 -0.653643	 -0.451856	 -0.161940	 4.009534	 -5.046091	 -2.524194
 -0.649633	 -0.456902	 -0.164464	 4.057899	 -5.012657	 -2.512212
 -0.645576	 -0.461915	 -0.166976	 4.105947	 -4.978863	 -2.500048
 -0.641470	 -0.466893	 -0.169476	 4.153675	 -4.944713	 -2.487703
 -0.637316	 -0.471838	 -0.171964	 4.201080	 -4.910210	 -2.475179
 -0.633115	 -0.476748	 -0.174439	 4.248159	 -4.875354	 -2.462476
 -0.628867	 -0.481624	 -0.176901	 4.294909	 -4.840151	 -2.449595
 -0.624572	 -0.486464	 -0.179351	 4.341327	 -4.804601	 -2.436537
 -0.620230	 -0.491268	 -0.181788	 4.387410	 -4.768708	 -2.423304
 -0.615843	 -0.496037	 -0.184211	 4.433154	 -4.732475	 -2.409897
 -0.611410	 -0.500770	 -0.186621	 4.478558	 -4.695905	 -2.396316
 -0.606931	 -0.505466	 -0.189017	 4.523617	 -4.659000	 -2.382562
 -0.602408	 -0.510125	 -0.191400	 4.568329	 -4.621762	 -2.368638
 -0.597839	 -0.514746	 -0.193768	 4.612691	 -4.584196	 -2.354543
 -0.593227	 -0.519330	 -0.196123	 4.656700	 -4.546304	 -2.340279
 -0.588570	 -0.523877	 -0.198463	 4.700353	 -4.508088	 -2.325847
 -0.583870	 -0.528385	 -0.200789	 4.743648	 -4.469552	 -2.311248
 -0.579126	 -0.532854	 -0.203100	 4.786582	 -4.430698	 -2.296483
 -0.574339	 -0.537285	 -0.205397	 4.829151	 -4.391530	 -2.281554
 -0.569510	 -0.541677	 -0.207678	 4.871354	 -4.352050	 -2.266462
 -0.564639	 -0.546029	 -0.209945	 4.913187	 -4.312262	 -2.251207
 -0.559726	 -0.550341	 -0.212196	 4.954648	 -4.272168	 -2.235791
 -0.554771	 -0.554613	 -0.214432	 4.995733	 -4.231771	 -2.220215
 -0.549775	 -0.558845	 -0.216652	 5.036441	 -4.191075	 -2.204481
 -0.544739	 -0.563036	 -0.218856	 5.076769	 -4.150082	 -2.188588
 -0.539662	 -0.567186	 -0.221045	 5.116714	 -4.108795	 -2.172540
 -0.534545	 -0.571295	 -0.223217	 5.156273	 -4.067218	 -2.156336
 -0.529389	 -0.575362	 -0.225374	 5.195445	 -4.025353	 -2.139979
 -0.524194	 -0.579387	 -0.227514	 5.234226	 -3.983204	 -2.123469
 -0.518959	 -0.583371	 -0.229637	 5.272614	 -3.940774	 -2.106808
 -0.513687	 -0.587311	 -0.231744	 5.310607	 -3.898066	 -2.089996
 -0.508376	 -0.591209	 -0.233834	 5.348202	 -3.855083	 -2.073035
 -0.503028	 -0.595065	 -0.235907	 5.385396	 -3.811828	 -2.055927
 -0.497643	 -0.598876	 -0.237963	 5.422188	 -3.768304	 -2.038673
 -0.492220	 -0.602645	 -0.240002	 5.458575	 -3.724515	 -2.021273
 -0.486762	 -0.606369	 -0.242023	 5.494555	 -3.680464	 -2.003730
 -0.481267	 -0.610050	 -0.244027	 5.530125	 -3.636154	 -1.986044
 -0.475737	 -0.613686	 -0.246013	 5.565283	 -3.591588	 -1.968217
 -0.470172	 -0.617277	 -0.247981	 5.600027	 -3.546769	 -1.950251
 -0.464572	 -0.620824	 -0.249931	 5.634355	 -3.501701	 -1.932145
 -0.458937	 -0.624326	 -0.251863	 5.668264	 -3.456387	 -1.913903
 -0.453269	 -0.627782	 -0.253777	 5.701752	 -3.410830	 -1.895524
 -0.447567	 -0.631193	 -0.255673	 5.734818	 -3.365034	 -1.877012
 -0.441833	 -0.634558	 -0.257550	 5.767458	 -3.319002	 -1.858366
 -0.436065	 -0.637877	 -0.259408	 5.799672	 -3.272737	 -1.839588
 -0.430266	 -0.641150	 -0.261248	 5.831456	 -3.226243	 -1.820680
 -0.424434	 -0.644376	 -0.263068	 5.862810	 -3.179522	 -1.801643
 -0.418571	 -0.647556	 -0.264870	 5.893730	 -3.132579	 -1.782478
 -0.412678	 -0.650688	 -0.266653	 5.924216	 -3.085416	 -1.763187
 -0.406753	 -0.653774	 -0.268416	 5.954264	 -3.038037	 -1.743771
 -0.400799	 -0.656812	 -0.270160	 5.983873	 -2.990446	 -1.724232
 -0.394815	 -0.659802	 -0.271884	 6.013042	 -2.942646	 -1.704571
 -0.388802	 -0.662745	 -0.273588	 6.041768	 -2.894639	 -1.684789
 -0.382760	 -0.665639	 -0.275273	 6.070050	 -2.846431	 -1.664888
 -0.376690	 -0.668486	 -0.276938	 6.097886	 -2.798023	 -1.644869
 -0.370592	 -0.671284	 -0.278583	 6.125273	 -2.749420	 -1.624734
 -0.364467	 -0.674033	 -0.280208	 6.152211	 -2.700626	 -1.604484
 -0.358315	 -0.676734	 -0.281812	 6.178698	 -2.651642	 -1.584121
 -0.352136	 -0.679386	 -0.283396	 6.204731	 -2.602474	 -1.563646
 -0.345932	 -0.681988	 -0.284960	 6.230310	 -2.553124	 -1.543060
 -0.339701	 -0.684541	 -0.286503	 6.255433	 -2.503596	 -1.522366
 -0.333446	 -0.687045	 -0.288025	 6.280097	 -2.453894	 -1.501564
 -0.327166	 -0.689499	 -0.289527	 6.304302	 -2.404021	 -1.480656
 -0.320861	 -0.691903	 -0.291007	 6.328047	 -2.353980	 -1.459643
 -0.314533	 -0.694257	 -0.292467	 6.351328	 -2.303775	 -1.438527
 -0.308182	 -0.696560	 -0.293906	 6.374146	 -2.253410	 -1.417310
 -0.301808	 -0.698814	 -0.295323	 6.396499	 -2.202889	 -1.395993
 -0.295411	 -0.701017	 -0.296719	 6.418384	 -2.152214	 -1.374578
 -0.288993	 -0.703169	 -0.298094	 6.439802	 -2.101390	 -1.353066
 -0.282553	 -0.705270	 -0.299447	 6.460750	 -2.050419	 -1.331458
 -0.276092	 -0.707321	 -0.300778	 6.481227	 -1.999307	 -1.309756
 -0.269611	 -0.709320	 -0.302088	 6.501233	 -1.948055	 -1.287962
 -0.263110	 -0.711268	 -0.303376	 6.520765	 -1.896668	 -1.266077
 -0.256589	 -0.713165	 -0.304642	 6.539822	 -1.845150	 -1.244103
 -0.250049	 -0.715010	 -0.305886	 6.558404	 -1.793504	 -1.222042
 -0.243491	 -0.716803	 -0.307108	 6.576509	 -1.741733	 -1.199894
 -0.236914	 -0.718545	 -0.308308	 6.594136	 -1.689842	 -1.177662
 -0.230320	 -0.720235	 -0.309486	 6.611284	 -1.637834	 -1.155346
 -0.223709	 -0.721873	 -0.310641	 6.627951	 -1.585713	 -1.132950
 -0.217081	 -0.723459	 -0.311774	 6.644138	 -1.533481	 -1.110473
 -0.210437	 -0.724992	 -0.312884	 6.659842	 -1.481144	 -1.087919
 -0.203777	 -0.726473	 -0.313972	 6.675063	 -1.428705	 -1.065287
 -0.197102	 -0.727902	 -0.315038	 6.689800	 -1.376167	 -1.042581
 -0.190412	 -0.729278	 -0.316080	 6.704052	 -1.323534	 -1.019801
 -0.183708	 -0.730602	 -0.317100	 6.717818	 -1.270810	 -0.996950
 -0.176990	 -0.731872	 -0.318097	 6.731098	 -1.217998	 -0.974028
 -0.170259	 -0.733090	 -0.319071	 6.743890	 -1.165102	 -0.951038
 -0.163515	 -0.734255	 -0.320022	 6.756193	 -1.112126	 -0.927981
 -0.156759	 -0.735368	 -0.320950	 6.768008	 -1.059074	 -0.904858
 -0.149991	 -0.736427	 -0.321855	 6.779332	 -1.005949	 -0.881672
 -0.143212	 -0.737433	 -0.322736	 6.790166	 -0.952756	 -0.858424
 -0.136422	 -0.738385	 -0.323595	 6.800510	 -0.899497	 -0.835115
 -0.129621	 -0.739285	 -0.324430	 6.810361	 -0.846176	 -0.811747
 -0.122811	 -0.740131	 -0.325242	 6.819720	 -0.792798	 -0.788323
 -0.115991	 -0.740924	 -0.326030	 6.828586	 -0.739365	 -0.764842
 -0.109162	 -0.741663	 -0.326795	 6.836959	 -0.685883	 -0.741308
 -0.102326	 -0.742349	 -0.327536	 6.844837	 -0.632354	 -0.717722
 -0.095481	 -0.742981	 -0.328254	 6.852222	 -0.578782	 -0.694085
 -0.088628	 -0.743560	 -0.328948	 6.859111	 -0.525171	 -0.670400
 -0.081769	 -0.744085	 -0.329618	 6.865506	 -0.471525	 -0.646667
 -0.074904	 -0.744557	 -0.330265	 6.871404	 -0.417847	 -0.622889
 -0.068032	 -0.744975	 -0.330888	 6.876807	 -0.364141	 -0.599066
 -0.061156	 -0.745339	 -0.331487	 6.881714	 -0.310412	 -0.575202
 -0.054274	 -0.745649	 -0.332062	 6.886124	 -0.256662	 -0.551297
 -0.047388	 -0.745906	 -0.332614	 6.890038	 -0.202896	 -0.527353
 -0.040498	 -0.746109	 -0.333141	 6.893454	 -0.149117	 -0.503372
 -0.033604	 -0.746258	 -0.333644	 6.896374	 -0.095330	 -0.479356
 -0.026708	 -0.746353	 -0.334124	 6.898796	 -0.041537	 -0.455305
 -0.019809	 -0.746395	 -0.334579	 6.900721	 0.012257	 -0.431223
 -0.012908	 -0.746383	 -0.335010	 6.902149	 0.066049	 -0.407110
 -0.006006	 -0.746317	 -0.335417	 6.903079	 0.119835	 -0.382969
 0.000897	 -0.746197	 -0.335800	 6.903512	 0.173611	 -0.358800
 0.007800	 -0.746023	 -0.336159	 6.903447	 0.227373	 -0.334607
 0.014704	 -0.745796	 -0.336494	 6.902885	 0.281118	 -0.310389
 0.021607	 -0.745515	 -0.336804	 6.901826	 0.334841	 -0.286150
 0.028508	 -0.745180	 -0.337090	 6.900270	 0.388539	 -0.261890
 0.035409	 -0.744791	 -0.337352	 6.898216	 0.442209	 -0.237612
 0.042307	 -0.744349	 -0.337590	 6.895666	 0.495846	 -0.213318
 0.049203	 -0.743853	 -0.337803	 6.892620	 0.549447	 -0.189008
 0.056095	 -0.743304	 -0.337992	 6.889077	 0.603007	 -0.164684
 0.062984	 -0.742701	 -0.338157	 6.885038	 0.656524	 -0.140349
 0.069869	 -0.742044	 -0.338297	 6.880504	 0.709993	 -0.116004
 0.076750	 -0.741334	 -0.338413	 6.875474	 0.763411	 -0.091651
 0.083625	 -0.740571	 -0.338505	 6.869950	 0.816774	 -0.067292
 0.090495	 -0.739754	 -0.338572	 6.863930	 0.870078	 -0.042927
 0.097359	 -0.738884	 -0.338615	 6.857417	 0.923319	 -0.018560
 0.104217	 -0.737961	 -0.338633	 6.850411	 0.976494	 0.005809
 0.111067	 -0.736984	 -0.338628	 6.842911	 1.029599	 0.030178
 0.117910	 -0.735955	 -0.338597	 6.834919	 1.082630	 0.054545
 0.124745	 -0.734872	 -0.338543	 6.826435	 1.135584	 0.078907
 0.131571	 -0.733736	 -0.338464	 6.817460	 1.188456	 0.103265
 0.138389	 -0.732548	 -0.338361	 6.807994	 1.241243	 0.127615
 0.145197	 -0.731307	 -0.338233	 6.798039	 1.293942	 0.151956
 0.151995	 -0.730013	 -0.338081	 6.787594	 1.346548	 0.176287
 0.158782	 -0.728666	 -0.337905	 6.776661	 1.399058	 0.200605
 0.165559	 -0.727267	 -0.337704	 6.765241	 1.451468	 0.224909
 0.172324	 -0.725816	 -0.337479	 6.753333	 1.503774	 0.249198
 0.179078	 -0.724312	 -0.337230	 6.740940	 1.555974	 0.273468
 0.185819	 -0.722756	 -0.336957	 6.728062	 1.608062	 0.297720
 0.192547	 -0.721148	 -0.336659	 6.714700	 1.660036	 0.321951
 0.199261	 -0.719488	 -0.336337	 6.700854	 1.711891	 0.346159
 0.205962	 -0.717776	 -0.335991	 6.686527	 1.763625	 0.370343
 0.212649	 -0.716012	 -0.335621	 6.671718	 1.815233	 0.394500
 0.219320	 -0.714197	 -0.335226	 6.656429	 1.866712	 0.418630
 0.225977	 -0.712330	 -0.334807	 6.640662	 1.918058	 0.442731
 0.232618	 -0.710412	 -0.334365	 6.624416	 1.969267	 0.466800
 0.239242	 -0.708443	 -0.333898	 6.607694	 2.020336	 0.490837
 0.245850	 -0.706423	 -0.333407	 6.590496	 2.071262	 0.514838
 0.252440	 -0.704351	 -0.332892	 6.572825	 2.122040	 0.538804
 0.259013	 -0.702229	 -0.332353	 6.554680	 2.172667	 0.562731
 0.265568	 -0.700057	 -0.331791	 6.536063	 2.223140	 0.586619
 0.272104	 -0.697834	 -0.331204	 6.516976	 2.273454	 0.610466
 0.278621	 -0.695560	 -0.330594	 6.497421	 2.323607	 0.634269
 0.285118	 -0.693236	 -0.329959	 6.477397	 2.373594	 0.658028
 0.291596	 -0.690863	 -0.329301	 6.456907	 2.423413	 0.681740
 0.298052	 -0.688439	 -0.328620	 6.435953	 2.473059	 0.705404
 0.304488	 -0.685966	 -0.327914	 6.414535	 2.522529	 0.729018
 0.310903	 -0.683444	 -0.327185	 6.392656	 2.571820	 0.752580
 0.317296	 -0.680872	 -0.326433	 6.370316	 2.620928	 0.776090
 0.323666	 -0.678251	 -0.325656	 6.347518	 2.669850	 0.799545
 0.330013	 -0.675581	 -0.324857	 6.324263	 2.718581	 0.822943
 0.336338	 -0.672863	 -0.324034	 6.300553	 2.767120	 0.846283
 0.342638	 -0.670096	 -0.323188	 6.276389	 2.815461	 0.869563
 0.348915	 -0.667280	 -0.322318	 6.251773	 2.863602	 0.892781
 0.355166	 -0.664417	 -0.321425	 6.226707	 2.911540	 0.915936
 0.361393	 -0.661505	 -0.320509	 6.201193	 2.959270	 0.939027
 0.367594	 -0.658546	 -0.319570	 6.175232	 3.006790	 0.962051
 0.373770	 -0.655539	 -0.318608	 6.148826	 3.054095	 0.985007
 0.379918	 -0.652485	 -0.317623	 6.121978	 3.101184	 1.007893
 0.386040	 -0.649384	 -0.316615	 6.094688	 3.148052	 1.030708
 0.392135	 -0.646236	 -0.315585	 6.066960	 3.194695	 1.053450
 0.398202	 -0.643041	 -0.314531	 6.038794	 3.241112	 1.076117
 0.404241	 -0.639800	 -0.313455	 6.010194	 3.287297	 1.098707
 0.410251	 -0.636512	 -0.312356	 5.981161	 3.333249	 1.121220
 0.416232	 -0.633179	 -0.311235	 5.951697	 3.378963	 1.143654
 0.422184	 -0.629800	 -0.310092	 5.921804	 3.424436	 1.166006
 0.428106	 -0.626376	 -0.308926	 5.891484	 3.469666	 1.188275
 0.433997	 -0.622906	 -0.307737	 5.860740	 3.514649	 1.210461
 0.439858	 -0.619392	 -0.306527	 5.829574	 3.559381	 1.232560
 0.445687	 -0.615832	 -0.305294	 5.797987	 3.603860	 1.254572
 0.451485	 -0.612228	 -0.304040	 5.765983	 3.648082	 1.276495
 0.457251	 -0.608580	 -0.302763	 5.733564	 3.692044	 1.298327
 0.462985	 -0.604888	 -0.301465	 5.700731	 3.735743	 1.320067
 0.468686	 -0.601152	 -0.300145	 5.667487	 3.779176	 1.341713
 0.474353	 -0.597373	 -0.298803	 5.633835	 3.822339	 1.363263
 0.479987	 -0.593551	 -0.297440	 5.599777	 3.865230	 1.384717
 0.485587	 -0.589686	 -0.296055	 5.565315	 3.907846	 1.406073
 0.491152	 -0.585778	 -0.294649	 5.530452	 3.950182	 1.427328
 0.496683	 -0.581828	 -0.293222	 5.495190	 3.992237	 1.448482
 0.502178	 -0.577835	 -0.291773	 5.459533	 4.034008	 1.469533
 0.507637	 -0.573801	 -0.290304	 5.423481	 4.075490	 1.490479
 0.513061	 -0.569726	 -0.288813	 5.387039	 4.116682	 1.511319
 0.518448	 -0.565609	 -0.287302	 5.350209	 4.157581	 1.532052
 0.523798	 -0.561452	 -0.285770	 5.312993	 4.198182	 1.552676
 0.529111	 -0.557253	 -0.284217	 5.275393	 4.238484	 1.573189
 0.534386	 -0.553015	 -0.282644	 5.237414	 4.278484	 1.593590
 0.539624	 -0.548736	 -0.281050	 5.199057	 4.318178	 1.613877
 0.544823	 -0.544418	 -0.279437	 5.160325	 4.357564	 1.634050
 0.549983	 -0.540061	 -0.277802	 5.121221	 4.396639	 1.654106
 0.555104	 -0.535664	 -0.276148	 5.081748	 4.435400	 1.674044
 0.560186	 -0.531229	 -0.274474	 5.041909	 4.473844	 1.693863
 0.565228	 -0.526755	 -0.272780	 5.001706	 4.511968	 1.713561
 0.570230	 -0.522243	 -0.271067	 4.961143	 4.549771	 1.733137
 0.575191	 -0.517693	 -0.269334	 4.920222	 4.587248	 1.752590
 0.580111	 -0.513106	 -0.267581	 4.878946	 4.624398	 1.771917
 0.584990	 -0.508481	 -0.265809	 4.837319	 4.661217	 1.791118
 0.589827	 -0.503820	 -0.264018	 4.795343	 4.697703	 1.810191
 0.594623	 -0.499123	 -0.262208	 4.753021	 4.733853	 1.829135
 0.599376	 -0.494389	 -0.260379	 4.710357	 4.769665	 1.847949
 0.604086	 -0.489619	 -0.258531	 4.667354	 4.805136	 1.866630
 0.608753	 -0.484814	 -0.256664	 4.624014	 4.840264	 1.885178
 0.613377	 -0.479974	 -0.254779	 4.580341	 4.875045	 1.903592
 0.617958	 -0.475099	 -0.252875	 4.536338	 4.909478	 1.921869
 0.622494	 -0.470189	 -0.250954	 4.492008	 4.943560	 1.940010
 0.626986	 -0.465246	 -0.249014	 4.447354	 4.977288	 1.958011
 0.631434	 -0.460268	 -0.247056	 4.402381	 5.010660	 1.975873
 0.635836	 -0.455258	 -0.245080	 4.357090	 5.043674	 1.993594
 0.640193	 -0.450214	 -0.243086	 4.311485	 5.076326	 2.011172
 0.644504	 -0.445138	 -0.241075	 4.265570	 5.108616	 2.028606
 0.648770	 -0.440029	 -0.239046	 4.219348	 5.140540	 2.045895
 0.652989	 -0.434888	 -0.237000	 4.172822	 5.172096	 2.063038
 0.657162	 -0.429716	 -0.234937	 4.125996	 5.203282	 2.080034
 0.661288	 -0.424513	 -0.232857	 4.078872	 5.234096	 2.096880
 0.665367	 -0.419279	 -0.230760	 4.031456	 5.264535	 2.113577
 0.669399	 -0.414014	 -0.228647	 3.983749	 5.294597	 2.130122
 0.673382	 -0.408720	 -0.226517	 3.935756	 5.324281	 2.146516
 0.677318	 -0.403396	 -0.224370	 3.887480	 5.353582	 2.162755
 0.681206	 -0.398042	 -0.222208	 3.838924	 5.382501	 2.178840
 0.685044	 -0.392659	 -0.220029	 3.790093	 5.411034	 2.194768
 0.688835	 -0.387248	 -0.217834	 3.740989	 5.439180	 2.210540
 0.692576	 -0.381809	 -0.215623	 3.691616	 5.466936	 2.226153
 0.696267	 -0.376342	 -0.213397	 3.641979	 5.494301	 2.241607
 0.699909	 -0.370848	 -0.211156	 3.592079	 5.521272	 2.256901
 0.703501	 -0.365327	 -0.208899	 3.541922	 5.547848	 2.272033
 0.707043	 -0.359779	 -0.206627	 3.491511	 5.574026	 2.287002
 0.710535	 -0.354205	 -0.204340	 3.440850	 5.599806	 2.301807
 0.713976	 -0.348605	 -0.202038	 3.389941	 5.625184	 2.316448
 0.717365	 -0.342980	 -0.199721	 3.338790	 5.650159	 2.330922
 0.720704	 -0.337330	 -0.197390	 3.287400	 5.674729	 2.345230
 0.723992	 -0.331655	 -0.195045	 3.235774	 5.698893	 2.359369
 0.727227	 -0.325956	 -0.192686	 3.183916	 5.722648	 2.373340
 0.730411	 -0.320233	 -0.190313	 3.131831	 5.745994	 2.387140
 0.733543	 -0.314487	 -0.187925	 3.079522	 5.768928	 2.400770
 0.736623	 -0.308719	 -0.185525	 3.026992	 5.791448	 2.414227
 0.739650	 -0.302927	 -0.183110	 2.974247	 5.813554	 2.427512
 0.742624	 -0.297114	 -0.180683	 2.921289	 5.835243	 2.440622
 0.745545	 -0.291278	 -0.178242	 2.868122	 5.856514	 2.453558
 0.748413	 -0.285422	 -0.175789	 2.814751	 5.877366	 2.466318
 0.751228	 -0.279544	 -0.173322	 2.761180	 5.897797	 2.478901
 0.753989	 -0.273647	 -0.170843	 2.707412	 5.917805	 2.491306
 0.756697	 -0.267729	 -0.168352	 2.653451	 5.937389	 2.503533
 0.759350	 -0.261791	 -0.165849	 2.599301	 5.956548	 2.515580
 0.761949	 -0.255835	 -0.163333	 2.544967	 5.975280	 2.527447
 0.764494	 -0.249860	 -0.160806	 2.490452	 5.993584	 2.539133
 0.766985	 -0.243866	 -0.158266	 2.435761	 6.011459	 2.550637
 0.769421	 -0.237855	 -0.155716	 2.380896	 6.028903	 2.561958
 0.771802	 -0.231826	 -0.153154	 2.325864	 6.045915	 2.573096
 0.774127	 -0.225780	 -0.150581	 2.270667	 6.062495	 2.584049
 0.776398	 -0.219717	 -0.147997	 2.215309	 6.078640	 2.594817
 0.778613	 -0.213639	 -0.145402	 2.159796	 6.094350	 2.605399
 0.780773	 -0.207544	 -0.142797	 2.104130	 6.109624	 2.615794
 0.782877	 -0.201435	 -0.140181	 2.048316	 6.124461	 2.626002
 0.784926	 -0.195310	 -0.137555	 1.992358	 6.138858	 2.636022
 0.786918	 -0.189171	 -0.134919	 1.936260	 6.152817	 2.645853
 0.788854	 -0.183018	 -0.132273	 1.880027	 6.166335	 2.655494
 0.790734	 -0.176852	 -0.129617	 1.823663	 6.179412	 2.664945
 0.792558	 -0.170673	 -0.126952	 1.767171	 6.192047	 2.674205
 0.794325	 -0.164481	 -0.124278	 1.710556	 6.204239	 2.683274
 0.796036	 -0.158276	 -0.121595	 1.653822	 6.215986	 2.692150
 0.797689	 -0.152060	 -0.118903	 1.596973	 6.227290	 2.700834
 0.799286	 -0.145833	 -0.116202	 1.540014	 6.238148	 2.709324
 0.800826	 -0.139595	 -0.113493	 1.482949	 6.248559	 2.717620
 0.802309	 -0.133346	 -0.110775	 1.425782	 6.258524	 2.725722
 0.803735	 -0.127088	 -0.108049	 1.368517	 6.268042	 2.733629
 0.805104	 -0.120820	 -0.105316	 1.311158	 6.277112	 2.741340
 0.806415	 -0.114543	 -0.102574	 1.253710	 6.285733	 2.748854
 0.807669	 -0.108257	 -0.099825	 1.196178	 6.293905	 2.756172
 0.808865	 -0.101963	 -0.097069	 1.138564	 6.301627	 2.763293
 0.810003	 -0.095662	 -0.094306	 1.080874	 6.308899	 2.770216
 0.811084	 -0.089353	 -0.091536	 1.023112	 6.315721	 2.776941
 0.812107	 -0.083037	 -0.088759	 0.965282	 6.322092	 2.783468
 0.813073	 -0.076715	 -0.085975	 0.907388	 6.328011	 2.789795
 0.813980	 -0.070387	 -0.083186	 0.849435	 6.333479	 2.795923
 0.814829	 -0.064053	 -0.080390	 0.791427	 6.338495	 2.801852
 0.815621	 -0.057715	 -0.077588	 0.733368	 6.343059	 2.807580
 0.816354	 -0.051372	 -0.074780	 0.675263	 6.347171	 2.813107
 0.817029	 -0.045025	 -0.071967	 0.617115	 6.350830	 2.818433
 0.817647	 -0.038674	 -0.069149	 0.558930	 6.354037	 2.823559
 0.818205	 -0.032320	 -0.066325	 0.500712	 6.356790	 2.828482
 0.818706	 -0.025963	 -0.063497	 0.442464	 6.359091	 2.833204
 0.819149	 -0.019604	 -0.060663	 0.384191	 6.360939	 2.837723
 0.819533	 -0.013243	 -0.057826	 0.325898	 6.362334	 2.842040
 0.819859	 -0.006881	 -0.054984	 0.267588	 6.363276	 2.846155
 0.820126	 -0.000517	 -0.052138	 0.209266	 6.363766	 2.850066
 0.820336	 0.005846	 -0.049287	 0.150937	 6.363803	 2.853774
 0.820487	 0.012210	 -0.046434	 0.092605	 6.363387	 2.857279
 0.820579	 0.018574	 -0.043576	 0.034274	 6.362519	 2.860580
 0.820613	 0.024936	 -0.040716	 -0.024053	 6.361199	 2.863677
 0.820589	 0.031297	 -0.037852	 -0.082369	 6.359426	 2.866571
 0.820507	 0.037657	 -0.034986	 -0.140671	 6.357203	 2.869260
 0.820366	 0.044014	 -0.032116	 -0.198956	 6.354528	 2.871745
 0.820167	 0.050369	 -0.029245	 -0.257217	 6.351402	 2.874026
 0.819910	 0.056720	 -0.026371	 -0.315452	 6.347826	 2.876103
 0.819595	 0.063068	 -0.023494	 -0.373656	 6.343799	 2.877975
 0.819221	 0.069412	 -0.020616	 -0.431824	 6.339323	 2.879642
 0.818789	 0.075751	 -0.017737	 -0.489953	 6.334398	 2.881105
 0.818299	 0.082085	 -0.014856	 -0.548037	 6.329024	 2.882363
 0.817751	 0.088414	 -0.011973	 -0.606073	 6.323203	 2.883417
 0.817145	 0.094738	 -0.009090	 -0.664057	 6.316933	 2.884266
 0.816481	 0.101054	 -0.006206	 -0.721984	 6.310218	 2.884910
 0.815759	 0.107365	 -0.003321	 -0.779850	 6.303056	 2.885350
 0.814979	 0.113668	 -0.000435	 -0.837650	 6.295448	 2.885585
 0.814142	 0.119963	 0.002450	 -0.895381	 6.287396	 2.885616
 0.813246	 0.126251	 0.005336	 -0.953038	 6.278901	 2.885443
 0.812293	 0.132529	 0.008221	 -1.010617	 6.269962	 2.885065
 0.811283	 0.138799	 0.011106	 -1.068114	 6.260581	 2.884483
 0.810214	 0.145060	 0.013991	 -1.125524	 6.250759	 2.883697
 0.809089	 0.151311	 0.016874	 -1.182844	 6.240497	 2.882707
 0.807906	 0.157551	 0.019757	 -1.240068	 6.229795	 2.881514
 0.806666	 0.163781	 0.022639	 -1.297194	 6.218655	 2.880117
 0.805369	 0.170000	 0.025519	 -1.354216	 6.207077	 2.878516
 0.804015	 0.176207	 0.028397	 -1.411131	 6.195063	 2.876713
 0.802603	 0.182402	 0.031274	 -1.467935	 6.182614	 2.874707
 0.801136	 0.188584	 0.034149	 -1.524623	 6.169731	 2.872498
 0.799611	 0.194754	 0.037021	 -1.581191	 6.156415	 2.870087
 0.798030	 0.200911	 0.039891	 -1.637635	 6.142668	 2.867473
 0.796392	 0.207053	 0.042759	 -1.693951	 6.128490	 2.864658
 0.794698	 0.213182	 0.045623	 -1.750134	 6.113883	 2.861642
 0.792948	 0.219296	 0.048485	 -1.806182	 6.098847	 2.858424
 0.791142	 0.225395	 0.051344	 -1.862090	 6.083386	 2.855006
 0.789280	 0.231478	 0.054199	 -1.917853	 6.067499	 2.851387
 0.787362	 0.237545	 0.057050	 -1.973467	 6.051189	 2.847568
 0.785388	 0.243597	 0.059897	 -2.028930	 6.034456	 2.843549
 0.783359	 0.249631	 0.062741	 -2.084236	 6.017302	 2.839331
 0.781275	 0.255648	 0.065580	 -2.139382	 5.999729	 2.834914
 0.779136	 0.261648	 0.068415	 -2.194363	 5.981738	 2.830299
 0.776942	 0.267630	 0.071246	 -2.249176	 5.963331	 2.825486
 0.774692	 0.273593	 0.074071	 -2.303817	 5.944509	 2.820476
 0.772389	 0.279538	 0.076892	 -2.358282	 5.925274	 2.815268
 0.770030	 0.285463	 0.079707	 -2.412566	 5.905627	 2.809864
 0.767618	 0.291369	 0.082517	 -2.466667	 5.885571	 2.804264
 0.765151	 0.297254	 0.085321	 -2.520580	 5.865107	 2.798468
 0.762630	 0.303119	 0.088119	 -2.574301	 5.844237	 2.792478
 0.760056	 0.308963	 0.090912	 -2.627827	 5.822963	 2.786293
 0.757428	 0.314786	 0.093698	 -2.681153	 5.801285	 2.779915
 0.754747	 0.320588	 0.096478	 -2.734276	 5.779207	 2.773343
 0.752013	 0.326367	 0.099251	 -2.787193	 5.756731	 2.766579
 0.749226	 0.332124	 0.102018	 -2.839898	 5.733857	 2.759623
 0.746386	 0.337858	 0.104778	 -2.892390	 5.710588	 2.752475
 0.743493	 0.343568	 0.107530	 -2.944663	 5.686926	 2.745137
 0.740549	 0.349255	 0.110275	 -2.996714	 5.662873	 2.737609
 0.737552	 0.354918	 0.113013	 -3.048540	 5.638431	 2.729892
 0.734503	 0.360556	 0.115743	 -3.100137	 5.613602	 2.721986
 0.731403	 0.366170	 0.118465	 -3.151501	 5.588388	 2.713892
 0.728252	 0.371758	 0.121179	 -3.202629	 5.562791	 2.705611
 0.725049	 0.377321	 0.123884	 -3.253517	 5.536814	 2.697143
 0.721796	 0.382858	 0.126581	 -3.304162	 5.510458	 2.688490
 0.718492	 0.388368	 0.129270	 -3.354559	 5.483726	 2.679652
 0.715137	 0.393852	 0.131950	 -3.404706	 5.456620	 2.670629
 0.711732	 0.399309	 0.134620	 -3.454599	 5.429143	 2.661424
 0.708278	 0.404738	 0.137282	 -3.504234	 5.401295	 2.652035
 0.704773	 0.410139	 0.139934	 -3.553609	 5.373081	 2.642465
 0.701220	 0.415512	 0.142576	 -3.602719	 5.344501	 2.632714
 0.697617	 0.420857	 0.145209	 -3.651561	 5.315560	 2.622784
 0.693966	 0.426172	 0.147832	 -3.700132	 5.286258	 2.612673
 0.690265	 0.431459	 0.150444	 -3.748429	 5.256598	 2.602385
 0.686517	 0.436715	 0.153047	 -3.796448	 5.226583	 2.591919
 0.682721	 0.441942	 0.155639	 -3.844186	 5.196216	 2.581277
 0.678876	 0.447138	 0.158220	 -3.891639	 5.165498	 2.570459
 0.674985	 0.452303	 0.160790	 -3.938805	 5.134432	 2.559466
 0.671046	 0.457438	 0.163350	 -3.985681	 5.103021	 2.548300
 0.667060	 0.462541	 0.165898	 -4.032262	 5.071268	 2.536961
 0.663028	 0.467612	 0.168435	 -4.078546	 5.039174	 2.525450
 0.658949	 0.472651	 0.170960	 -4.124530	 5.006743	 2.513768
 0.654825	 0.477658	 0.173474	 -4.170211	 4.973977	 2.501917
 0.650655	 0.482632	 0.175976	 -4.215585	 4.940879	 2.489896
 0.646439	 0.487573	 0.178466	 -4.260650	 4.907452	 2.477708
 0.642178	 0.492480	 0.180944	 -4.305403	 4.873697	 2.465353
 0.637873	 0.497354	 0.183409	 -4.349840	 4.839619	 2.452832
 0.633523	 0.502194	 0.185862	 -4.393958	 4.805220	 2.440147
 0.629129	 0.506999	 0.188302	 -4.437756	 4.770501	 2.427298
 0.624691	 0.511769	 0.190729	 -4.481229	 4.735468	 2.414286
 0.620210	 0.516505	 0.193144	 -4.524374	 4.700121	 2.401113
 0.615686	 0.521205	 0.195545	 -4.567190	 4.664464	 2.387779
 0.611119	 0.525870	 0.197933	 -4.609674	 4.628500	 2.374286
 0.606509	 0.530498	 0.200307	 -4.651821	 4.592232	 2.360635
 0.601857	 0.535090	 0.202667	 -4.693631	 4.555662	 2.346827
 0.597164	 0.539646	 0.205014	 -4.735099	 4.518794	 2.332863
 0.592428	 0.544165	 0.207347	 -4.776224	 4.481630	 2.318744
 0.587652	 0.548646	 0.209666	 -4.817003	 4.444174	 2.304472
 0.582835	 0.553091	 0.211970	 -4.857432	 4.406428	 2.290047
 0.577978	 0.557497	 0.214260	 -4.897510	 4.368395	 2.275471
 0.573080	 0.561865	 0.216536	 -4.937234	 4.330079	 2.260745
 0.568143	 0.566195	 0.218797	 -4.976602	 4.291482	 2.245871
 0.563166	 0.570487	 0.221043	 -5.015610	 4.252608	 2.230848
 0.558151	 0.574740	 0.223273	 -5.054257	 4.213459	 2.215680
 0.553097	 0.578953	 0.225489	 -5.092539	 4.174038	 2.200366
 0.548004	 0.583127	 0.227689	 -5.130455	 4.134350	 2.184908
 0.542874	 0.587261	 0.229874	 -5.168003	 4.094396	 2.169307
 0.537706	 0.591356	 0.232044	 -5.205179	 4.054180	 2.153565
 0.532500	 0.595410	 0.234197	 -5.241982	 4.013705	 2.137683
 0.527258	 0.599424	 0.236335	 -5.278409	 3.972974	 2.121662
 0.521980	 0.603397	 0.238457	 -5.314458	 3.931991	 2.105504
 0.516666	 0.607329	 0.240562	 -5.350127	 3.890758	 2.089209
 0.511315	 0.611219	 0.242651	 -5.385414	 3.849279	 2.072779
 0.505930	 0.615069	 0.244724	 -5.420316	 3.807558	 2.056216
 0.500510	 0.618876	 0.246780	 -5.454832	 3.765596	 2.039520
 0.495055	 0.622642	 0.248820	 -5.488960	 3.723398	 2.022694
 0.489566	 0.626365	 0.250842	 -5.522696	 3.680967	 2.005737
 0.484043	 0.630046	 0.252848	 -5.556040	 3.638305	 1.988653
 0.478487	 0.633684	 0.254837	 -5.588989	 3.595417	 1.971441
 0.472898	 0.637280	 0.256808	 -5.621542	 3.552306	 1.954104
 0.467277	 0.640832	 0.258762	 -5.653697	 3.508975	 1.936642
 0.461623	 0.644341	 0.260699	 -5.685451	 3.465427	 1.919058
 0.455937	 0.647807	 0.262618	 -5.716803	 3.421665	 1.901352
 0.450221	 0.651228	 0.264519	 -5.747751	 3.377693	 1.883526
 0.444473	 0.654606	 0.266403	 -5.778293	 3.333515	 1.865581
 0.438695	 0.657939	 0.268269	 -5.808428	 3.289133	 1.847519
 0.432886	 0.661229	 0.270116	 -5.838154	 3.244551	 1.829342
 0.427048	 0.664473	 0.271945	 -5.867469	 3.199773	 1.811049
 0.421181	 0.667673	 0.273756	 -5.896372	 3.154801	 1.792644
 0.415284	 0.670828	 0.275549	 -5.924861	 3.109639	 1.774127
 0.409359	 0.673937	 0.277323	 -5.952934	 3.064291	 1.755500
 0.403406	 0.677002	 0.279079	 -5.980590	 3.018760	 1.736764
 0.397426	 0.680020	 0.280816	 -6.007828	 2.973050	 1.717921
 0.391418	 0.682993	 0.282533	 -6.034645	 2.927163	 1.698972
 0.385383	 0.685921	 0.284232	 -6.061042	 2.881104	 1.679918
 0.379322	 0.688802	 0.285912	 -6.087015	 2.834875	 1.660762
 0.373235	 0.691637	 0.287573	 -6.112565	 2.788480	 1.641504
 0.367123	 0.694425	 0.289215	 -6.137689	 2.741923	 1.622146
 0.360985	 0.697167	 0.290837	 -6.162386	 2.695207	 1.602690
 0.354823	 0.699862	 0.292439	 -6.186656	 2.648336	 1.583137
 0.348636	 0.702511	 0.294023	 -6.210496	 2.601312	 1.563488
 0.342426	 0.705112	 0.295586	 -6.233906	 2.554140	 1.543745
 0.336192	 0.707666	 0.297130	 -6.256885	 2.506823	 1.523909
 0.329935	 0.710173	 0.298654	 -6.279431	 2.459365	 1.503983
 0.323655	 0.712632	 0.300158	 -6.301544	 2.411768	 1.483967
 0.317354	 0.715044	 0.301642	 -6.323222	 2.364037	 1.463863
 0.311031	 0.717408	 0.303106	 -6.344464	 2.316174	 1.443672
 0.304686	 0.719724	 0.304549	 -6.365270	 2.268185	 1.423396
 0.298321	 0.721992	 0.305973	 -6.385639	 2.220071	 1.403037
 0.291935	 0.724212	 0.307376	 -6.405569	 2.171836	 1.382596
 0.285530	 0.726384	 0.308758	 -6.425059	 2.123485	 1.362074
 0.279105	 0.728508	 0.310120	 -6.444110	 2.075019	 1.341473
 0.272660	 0.730583	 0.311462	 -6.462720	 2.026444	 1.320795
 0.266198	 0.732609	 0.312783	 -6.480889	 1.977762	 1.300041
