 -0.648340	 0.680823	 0.295164	 34708328.126323	 -37777855.288398	 -16378206.024809
 34708327.477984	 -37777854.607575	 -16378205.729645	 70120205.724428	 -74963929.375627	 -32499851.832824
 104828533.202412	 -112741783.983202	 -48878057.562469	 70120205.724428	 -74963929.375627	 -32499851.832824
 174948738.926840	 -187705713.358829	 -81377909.395293	 70120205.724428	 -74963929.375627	 -32499851.832824
 245068944.651267	 -262669642.734457	 -113877761.228118	 70120205.724428	 -74963929.375627	 -32499851.832824
 315189150.375695	 -337633572.110084	 -146377613.060942	 70120205.724428	 -74963929.375627	 -32499851.832824
 385309356.100123	 -412597501.485711	 -178877464.893766	 70120205.724428	 -74963929.375627	 -32499851.832824
 455429561.824551	 -487561430.861338	 -211377316.726591	 70120205.724428	 -74963929.375627	 -32499851.832824
 525549767.548979	 -562525360.236965	 -243877168.559415	 70120205.724428	 -74963929.375627	 -32499851.832824
 595669973.273407	 -637489289.612592	 -276377020.392239	 70120205.724428	 -74963929.375627	 -32499851.832824
 665790178.997835	 -712453218.988219	 -308876872.225064	 70120205.724428	 -74963929.375627	 -32499851.832824
 735910384.722263	 -787417148.363847	 -341376724.057888	 70120205.724428	 -74963929.375627	 -32499851.832824
 806030590.446691	 -862381077.739474	 -373876575.890712	 70120205.724428	 -74963929.375627	 -32499851.832824
 876150796.171118	 -937345007.115101	 -406376427.723536	 70120205.724428	 -74963929.375627	 -32499851.832824
 946271001.895546	 -1012308936.490728	 -438876279.556361	 70120205.724428	 -74963929.375627	 -32499851.832824
 1016391207.619974	 -1087272865.866355	 -471376131.389185	 70120205.724428	 -74963929.375627	 -32499851.832824
 1086511413.344402	 -1162236795.241982	 -503875983.222009	 70120205.724428	 -74963929.375627	 -32499851.832824
 1156631619.068830	 -1237200724.617610	 -536375835.054834	 70120205.724428	 -74963929.375627	 -32499851.832824
 1226751824.793258	 -1312164653.993237	 -568875686.887658	 70120205.724428	 -74963929.375627	 -32499851.832824
 1296872030.517686	 -1387128583.368864	 -601375538.720482	 70120205.724428	 -74963929.375627	 -32499851.832824
 1366992236.242114	 -1462092512.744491	 -633875390.553307	 70120205.724428	 -74963929.375627	 -32499851.832824
 1437112441.966542	 -1537056442.120118	 -666375242.386131	 70120205.724428	 -74963929.375627	 -32499851.832824
 1507232647.690970	 -1612020371.495745	 -698875094.218955	 70120205.724428	 -74963929.375627	 -32499851.832824
 1577352853.415398	 -1686984300.871372	 -731374946.051780	 70120205.724428	 -74963929.375627	 -32499851.832824
 1647473059.139826	 -1761948230.246999	 -763874797.884604	 70120205.724428	 -74963929.375627	 -32499851.832824
 1717593264.864254	 -1836912159.622626	 -796374649.717428	 70120205.724428	 -74963929.375627	 -32499851.832824
 1787713470.588682	 -1911876088.998253	 -828874501.550253	 70120205.724428	 -74963929.375627	 -32499851.832824
 1857833676.313110	 -1986840018.373880	 -861374353.383077	 70120205.724428	 -74963929.375627	 -32499851.832824
 1927953882.037538	 -2061803947.749507	 -893874205.215901	 70120205.724428	 -74963929.375627	 -32499851.832824
 1998074087.761966	 -2136767877.125134	 -926374057.048726	 70120205.724428	 -74963929.375627	 -32499851.832824
 2068194293.486393	 -2211731806.500761	 -958873908.881550	 70120205.724428	 -74963929.375627	 -32499851.832824
 2138314499.210821	 -2286695735.876388	 -991373760.714375	 70120205.724428	 -74963929.375627	 -32499851.832824
 2208434704.935249	 -2361659665.252015	 -1023873612.547199	 70120205.724428	 -74963929.375627	 -32499851.832824
 2278554910.659677	 -2436623594.627642	 -1056373464.380023	 70120205.724428	 -74963929.375627	 -32499851.832824
 2348675116.384105	 -2511587524.003269	 -1088873316.212847	 70120205.724428	 -74963929.375627	 -32499851.832824
 2418795322.108532	 -2586551453.378896	 -1121373168.045672	 70120205.724428	 -74963929.375627	 -32499851.832824
 2488915527.832960	 -2661515382.754523	 -1153873019.878496	 70120205.724428	 -74963929.375627	 -32499851.832824
 2559035733.557388	 -2736479312.130150	 -1186372871.711320	 70120205.724428	 -74963929.375627	 -32499851.832824
 2629155939.281816	 -2811443241.505777	 -1218872723.544144	 70120205.724428	 -74963929.375627	 -32499851.832824
 2699276145.006243	 -2886407170.881404	 -1251372575.376969	 70120205.724428	 -74963929.375627	 -32499851.832824
 2769396350.730671	 -2961371100.257031	 -1283872427.209793	 70120205.724428	 -74963929.375627	 -32499851.832824
 2839516556.455099	 -3036335029.632658	 -1316372279.042617	 70120205.724428	 -74963929.375627	 -32499851.832824
 2909636762.179526	 -3111298959.008286	 -1348872130.875441	 70120205.724428	 -74963929.375627	 -32499851.832824
 2979756967.903954	 -3186262888.383913	 -1381371982.708266	 70120205.724428	 -74963929.375627	 -32499851.832824
 3049877173.628382	 -3261226817.759540	 -1413871834.541090	 70120205.724428	 -74963929.375627	 -32499851.832824
 3119997379.352809	 -3336190747.135167	 -1446371686.373914	 70120205.724428	 -74963929.375627	 -32499851.832824
 3190117585.077237	 -3411154676.510794	 -1478871538.206738	 70120205.724428	 -74963929.375627	 -32499851.832824
 3260237790.801665	 -3486118605.886421	 -1511371390.039562	 70120205.724428	 -74963929.375627	 -32499851.832824
 3330357996.526093	 -3561082535.262048	 -1543871241.872387	 70120205.724428	 -74963929.375627	 -32499851.832824
 3400478202.250520	 -3636046464.637675	 -1576371093.705211	 70120205.724428	 -74963929.375627	 -32499851.832824
 3470598407.974948	 -3711010394.013302	 -1608870945.538035	 70120205.724428	 -74963929.375627	 -32499851.832824
 3540718613.699376	 -3785974323.388929	 -1641370797.370859	 70120205.724428	 -74963929.375627	 -32499851.832824
 3610838819.423803	 -3860938252.764556	 -1673870649.203684	 70120205.724428	 -74963929.375627	 -32499851.832824
 3680959025.148231	 -3935902182.140183	 -1706370501.036508	 70120205.724428	 -74963929.375627	 -32499851.832824
 3751079230.872659	 -4010866111.515810	 -1738870352.869332	 70120205.724428	 -74963929.375627	 -32499851.832824
 3821199436.597086	 -4085830040.891437	 -1771370204.702156	 70120205.724428	 -74963929.375627	 -32499851.832824
 3891319642.321514	 -4160793970.267064	 -1803870056.534981	 70120205.724428	 -74963929.375627	 -32499851.832824
 3961439848.045942	 -4235757899.642691	 -1836369908.367805	 70120205.724428	 -74963929.375627	 -32499851.832824
 4031560053.770370	 -4310721829.018318	 -1868869760.200629	 70120205.724428	 -74963929.375627	 -32499851.832824
 4101680259.494797	 -4385685758.393946	 -1901369612.033453	 70120205.724428	 -74963929.375627	 -32499851.832824
 4171800465.219225	 -4460649687.769573	 -1933869463.866277	 70120205.724428	 -74963929.375627	 -32499851.832824
 4241920670.943653	 -4535613617.145201	 -1966369315.699102	 70120205.724428	 -74963929.375627	 -32499851.832824
 4312040876.668080	 -4610577546.520828	 -1998869167.531926	 70120205.724428	 -74963929.375627	 -32499851.832824
 4382161082.392509	 -4685541475.896456	 -2031369019.364750	 70120205.724428	 -74963929.375627	 -32499851.832824
 4452281288.116937	 -4760505405.272083	 -2063868871.197574	 70120205.724428	 -74963929.375627	 -32499851.832824
 4522401493.841365	 -4835469334.647711	 -2096368723.030399	 70120205.724428	 -74963929.375627	 -32499851.832824
 4592521699.565793	 -4910433264.023338	 -2128868574.863223	 70120205.724428	 -74963929.375627	 -32499851.832824
 4662641905.290221	 -4985397193.398966	 -2161368426.696047	 70120205.724428	 -74963929.375627	 -32499851.832824
 4732762111.014649	 -5060361122.774593	 -2193868278.528872	 70120205.724428	 -74963929.375627	 -32499851.832824
 4802882316.739078	 -5135325052.150221	 -2226368130.361696	 70120205.724428	 -74963929.375627	 -32499851.832824
 4873002522.463506	 -5210288981.525848	 -2258867982.194520	 70120205.724428	 -74963929.375627	 -32499851.832824
 4943122728.187934	 -5285252910.901476	 -2291367834.027344	 70120205.724428	 -74963929.375627	 -32499851.832824
 5013242933.912362	 -5360216840.277103	 -2323867685.860168	 70120205.724428	 -74963929.375627	 -32499851.832824
 5083363139.636790	 -5435180769.652731	 -2356367537.692993	 70120205.724428	 -74963929.375627	 -32499851.832824
 5153483345.361218	 -5510144699.028358	 -2388867389.525817	 70120205.724428	 -74963929.375627	 -32499851.832824
 5223603551.085647	 -5585108628.403986	 -2421367241.358641	 70120205.724428	 -74963929.375627	 -32499851.832824
 5293723756.810075	 -5660072557.779613	 -2453867093.191465	 70120205.724428	 -74963929.375627	 -32499851.832824
 5363843962.534503	 -5735036487.155241	 -2486366945.024290	 70120205.724428	 -74963929.375627	 -32499851.832824
 5433964168.258931	 -5810000416.530869	 -2518866796.857114	 70120205.724428	 -74963929.375627	 -32499851.832824
 5504084373.983359	 -5884964345.906496	 -2551366648.689938	 70120205.724428	 -74963929.375627	 -32499851.832824
 5574204579.707788	 -5959928275.282124	 -2583866500.522762	 70120205.724428	 -74963929.375627	 -32499851.832824
 5644324785.432216	 -6034892204.657751	 -2616366352.355587	 70120205.724428	 -74963929.375627	 -32499851.832824
 5714444991.156644	 -6109856134.033379	 -2648866204.188411	 70120205.724428	 -74963929.375627	 -32499851.832824
 5784565196.881072	 -6184820063.409006	 -2681366056.021235	 70120205.724428	 -74963929.375627	 -32499851.832824
 5854685402.605500	 -6259783992.784634	 -2713865907.854059	 70120205.724428	 -74963929.375627	 -32499851.832824
 5924805608.329928	 -6334747922.160261	 -2746365759.686883	 70120205.724428	 -74963929.375627	 -32499851.832824
 5994925814.054357	 -6409711851.535889	 -2778865611.519708	 70120205.724428	 -74963929.375627	 -32499851.832824
 6065046019.778785	 -6484675780.911516	 -2811365463.352532	 70120205.724428	 -74963929.375627	 -32499851.832824
 6135166225.503213	 -6559639710.287144	 -2843865315.185356	 70120205.724428	 -74963929.375627	 -32499851.832824
 6205286431.227641	 -6634603639.662771	 -2876365167.018180	 70120205.724428	 -74963929.375627	 -32499851.832824
 6275406636.952069	 -6709567569.038399	 -2908865018.851005	 70120205.724428	 -74963929.375627	 -32499851.832824
 6345526842.676497	 -6784531498.414026	 -2941364870.683829	 70120205.724428	 -74963929.375627	 -32499851.832824
 6415647048.400926	 -6859495427.789654	 -2973864722.516653	 70120205.724428	 -74963929.375627	 -32499851.832824
 6485767254.125354	 -6934459357.165281	 -3006364574.349477	 70120205.724428	 -74963929.375627	 -32499851.832824
 6555887459.849782	 -7009423286.540909	 -3038864426.182302	 70120205.724428	 -74963929.375627	 -32499851.832824
 6626007665.574210	 -7084387215.916536	 -3071364278.015126	 70120205.724428	 -74963929.375627	 -32499851.832824
 6696127871.298638	 -7159351145.292164	 -3103864129.847950	 70120205.724428	 -74963929.375627	 -32499851.832824
 6766248077.023067	 -7234315074.667791	 -3136363981.680774	 70120205.724428	 -74963929.375627	 -32499851.832824
 6836368282.747495	 -7309279004.043419	 -3168863833.513598	 70120205.724428	 -74963929.375627	 -32499851.832824
 6906488488.471923	 -7384242933.419046	 -3201363685.346423	 70120205.724428	 -74963929.375627	 -32499851.832824
 6976608694.196351	 -7459206862.794674	 -3233863537.179247	 70120205.724428	 -74963929.375627	 -32499851.832824
 7046728899.920779	 -7534170792.170301	 -3266363389.012071	 70120205.724428	 -74963929.375627	 -32499851.832824
 7116849105.645207	 -7609134721.545929	 -3298863240.844895	 70120205.724428	 -74963929.375627	 -32499851.832824
 7186969311.369636	 -7684098650.921556	 -3331363092.677720	 70120205.724428	 -74963929.375627	 -32499851.832824
 7257089517.094064	 -7759062580.297184	 -3363862944.510544	 70120205.724428	 -74963929.375627	 -32499851.832824
 7327209722.818492	 -7834026509.672812	 -3396362796.343368	 70120205.724428	 -74963929.375627	 -32499851.832824
 7397329928.542920	 -7908990439.048439	 -3428862648.176192	 70120205.724428	 -74963929.375627	 -32499851.832824
 7467450134.267348	 -7983954368.424067	 -3461362500.009017	 70120205.724428	 -74963929.375627	 -32499851.832824
 7537570339.991776	 -8058918297.799694	 -3493862351.841841	 70120205.724428	 -74963929.375627	 -32499851.832824
 7607690545.716205	 -8133882227.175322	 -3526362203.674665	 70120205.724428	 -74963929.375627	 -32499851.832824
 7677810751.440633	 -8208846156.550949	 -3558862055.507489	 70120205.724428	 -74963929.375627	 -32499851.832824
 7747930957.165061	 -8283810085.926577	 -3591361907.340313	 70120205.724428	 -74963929.375627	 -32499851.832824
 7818051162.889489	 -8358774015.302204	 -3623861759.173138	 70120205.724428	 -74963929.375627	 -32499851.832824
 7888171368.613917	 -8433737944.677832	 -3656361611.005962	 70120205.724428	 -74963929.375627	 -32499851.832824
 7958291574.338346	 -8508701874.053459	 -3688861462.838786	 70120205.724428	 -74963929.375627	 -32499851.832824
 8028411780.062774	 -8583665803.429087	 -3721361314.671610	 70120205.724428	 -74963929.375627	 -32499851.832824
 8098531985.787202	 -8658629732.804714	 -3753861166.504435	 70120205.724428	 -74963929.375627	 -32499851.832824
 8168652191.511630	 -8733593662.180342	 -3786361018.337259	 70120205.724428	 -74963929.375627	 -32499851.832824
 8238772397.236058	 -8808557591.555969	 -3818860870.170083	 70120205.724428	 -74963929.375627	 -32499851.832824
 8308892602.960486	 -8883521520.931597	 -3851360722.002907	 70120205.724428	 -74963929.375627	 -32499851.832824
 8379012808.684915	 -8958485450.307224	 -3883860573.835732	 70120205.724428	 -74963929.375627	 -32499851.832824
 8449133014.409343	 -9033449379.682852	 -3916360425.668556	 70120205.724428	 -74963929.375627	 -32499851.832824
 8519253220.133771	 -9108413309.058479	 -3948860277.501380	 70120205.724428	 -74963929.375627	 -32499851.832824
 8589373425.858199	 -9183377238.434107	 -3981360129.334204	 70120205.724428	 -74963929.375627	 -32499851.832824
 8659493631.582626	 -9258341167.809734	 -4013859981.167028	 70120205.724428	 -74963929.375627	 -32499851.832824
 8729613837.307055	 -9333305097.185362	 -4046359832.999853	 70120205.724428	 -74963929.375627	 -32499851.832824
 8799734043.031483	 -9408269026.560989	 -4078859684.832677	 70120205.724428	 -74963929.375627	 -32499851.832824
 8869854248.755911	 -9483232955.936617	 -4111359536.665501	 70120205.724428	 -74963929.375627	 -32499851.832824
 8939974454.480339	 -9558196885.312244	 -4143859388.498325	 70120205.724428	 -74963929.375627	 -32499851.832824
 9010094660.204767	 -9633160814.687872	 -4176359240.331150	 70120205.724428	 -74963929.375627	 -32499851.832824
 9080214865.929195	 -9708124744.063499	 -4208859092.163974	 70120205.724428	 -74963929.375627	 -32499851.832824
 9150335071.653624	 -9783088673.439127	 -4241358943.996798	 70120205.724428	 -74963929.375627	 -32499851.832824
 9220455277.378052	 -9858052602.814754	 -4273858795.829622	 70120205.724428	 -74963929.375627	 -32499851.832824
 9290575483.102480	 -9933016532.190382	 -4306358647.662447	 70120205.724428	 -74963929.375627	 -32499851.832824
 9360695688.826908	 -10007980461.566010	 -4338858499.495272	 70120205.724428	 -74963929.375627	 -32499851.832824
 9430815894.551336	 -10082944390.941637	 -4371358351.328096	 70120205.724428	 -74963929.375627	 -32499851.832824
 9500936100.275764	 -10157908320.317265	 -4403858203.160921	 70120205.724428	 -74963929.375627	 -32499851.832824
 9571056306.000193	 -10232872249.692892	 -4436358054.993746	 70120205.724428	 -74963929.375627	 -32499851.832824
 9641176511.724621	 -10307836179.068520	 -4468857906.826571	 70120205.724428	 -74963929.375627	 -32499851.832824
 9711296717.449049	 -10382800108.444147	 -4501357758.659395	 70120205.724428	 -74963929.375627	 -32499851.832824
 9781416923.173477	 -10457764037.819775	 -4533857610.492220	 70120205.724428	 -74963929.375627	 -32499851.832824
 9851537128.897905	 -10532727967.195402	 -4566357462.325045	 70120205.724428	 -74963929.375627	 -32499851.832824
 9921657334.622334	 -10607691896.571030	 -4598857314.157869	 70120205.724428	 -74963929.375627	 -32499851.832824
 9991777540.346762	 -10682655825.946657	 -4631357165.990694	 70120205.724428	 -74963929.375627	 -32499851.832824
 10061897746.071190	 -10757619755.322285	 -4663857017.823519	 70120205.724428	 -74963929.375627	 -32499851.832824
 10132017951.795618	 -10832583684.697912	 -4696356869.656343	 70120205.724428	 -74963929.375627	 -32499851.832824
 10202138157.520046	 -10907547614.073540	 -4728856721.489168	 70120205.724428	 -74963929.375627	 -32499851.832824
 10272258363.244474	 -10982511543.449167	 -4761356573.321993	 70120205.724428	 -74963929.375627	 -32499851.832824
 10342378568.968903	 -11057475472.824795	 -4793856425.154818	 70120205.724428	 -74963929.375627	 -32499851.832824
 10412498774.693331	 -11132439402.200422	 -4826356276.987642	 70120205.724428	 -74963929.375627	 -32499851.832824
 10482618980.417759	 -11207403331.576050	 -4858856128.820467	 70120205.724428	 -74963929.375627	 -32499851.832824
 10552739186.142187	 -11282367260.951677	 -4891355980.653292	 70120205.724428	 -74963929.375627	 -32499851.832824
 10622859391.866615	 -11357331190.327305	 -4923855832.486116	 70120205.724428	 -74963929.375627	 -32499851.832824
 10692979597.591043	 -11432295119.702932	 -4956355684.318941	 70120205.724428	 -74963929.375627	 -32499851.832824
 10763099803.315472	 -11507259049.078560	 -4988855536.151766	 70120205.724428	 -74963929.375627	 -32499851.832824
 10833220009.039900	 -11582222978.454187	 -5021355387.984591	 70120205.724428	 -74963929.375627	 -32499851.832824
 10903340214.764328	 -11657186907.829815	 -5053855239.817415	 70120205.724428	 -74963929.375627	 -32499851.832824
 10973460420.488756	 -11732150837.205442	 -5086355091.650240	 70120205.724428	 -74963929.375627	 -32499851.832824
 11043580626.213184	 -11807114766.581070	 -5118854943.483065	 70120205.724428	 -74963929.375627	 -32499851.832824
 11113700831.937613	 -11882078695.956697	 -5151354795.315889	 70120205.724428	 -74963929.375627	 -32499851.832824
 11183821037.662041	 -11957042625.332325	 -5183854647.148714	 70120205.724428	 -74963929.375627	 -32499851.832824
 11253941243.386469	 -12032006554.707952	 -5216354498.981539	 70120205.724428	 -74963929.375627	 -32499851.832824
 11324061449.110897	 -12106970484.083580	 -5248854350.814363	 70120205.724428	 -74963929.375627	 -32499851.832824
 11394181654.835325	 -12181934413.459208	 -5281354202.647188	 70120205.724428	 -74963929.375627	 -32499851.832824
 11464301860.559753	 -12256898342.834835	 -5313854054.480013	 70120205.724428	 -74963929.375627	 -32499851.832824
 11534422066.284182	 -12331862272.210463	 -5346353906.312838	 70120205.724428	 -74963929.375627	 -32499851.832824
 11604542272.008610	 -12406826201.586090	 -5378853758.145662	 70120205.724428	 -74963929.375627	 -32499851.832824
 11674662477.733038	 -12481790130.961718	 -5411353609.978487	 70120205.724428	 -74963929.375627	 -32499851.832824
 11744782683.457466	 -12556754060.337345	 -5443853461.811312	 70120205.724428	 -74963929.375627	 -32499851.832824
 11814902889.181894	 -12631717989.712973	 -5476353313.644136	 70120205.724428	 -74963929.375627	 -32499851.832824
 11885023094.906322	 -12706681919.088600	 -5508853165.476961	 70120205.724428	 -74963929.375627	 -32499851.832824
 11955143300.630751	 -12781645848.464228	 -5541353017.309786	 70120205.724428	 -74963929.375627	 -32499851.832824
 12025263506.355179	 -12856609777.839855	 -5573852869.142611	 70120205.724428	 -74963929.375627	 -32499851.832824
 12095383712.079607	 -12931573707.215483	 -5606352720.975435	 70120205.724428	 -74963929.375627	 -32499851.832824
 12165503917.804035	 -13006537636.591110	 -5638852572.808260	 70120205.724428	 -74963929.375627	 -32499851.832824
 12235624123.528463	 -13081501565.966738	 -5671352424.641085	 70120205.724428	 -74963929.375627	 -32499851.832824
 12305744329.252892	 -13156465495.342365	 -5703852276.473909	 70120205.724428	 -74963929.375627	 -32499851.832824
 12375864534.977320	 -13231429424.717993	 -5736352128.306734	 70120205.724428	 -74963929.375627	 -32499851.832824
 12445984740.701748	 -13306393354.093620	 -5768851980.139559	 70120205.724428	 -74963929.375627	 -32499851.832824
 12516104946.426176	 -13381357283.469248	 -5801351831.972383	 70120205.724428	 -74963929.375627	 -32499851.832824
 12586225152.150604	 -13456321212.844875	 -5833851683.805208	 70120205.724428	 -74963929.375627	 -32499851.832824
 12656345357.875032	 -13531285142.220503	 -5866351535.638033	 70120205.724428	 -74963929.375627	 -32499851.832824
 12726465563.599461	 -13606249071.596130	 -5898851387.470858	 70120205.724428	 -74963929.375627	 -32499851.832824
 12796585769.323889	 -13681213000.971758	 -5931351239.303682	 70120205.724428	 -74963929.375627	 -32499851.832824
 12866705975.048317	 -13756176930.347385	 -5963851091.136507	 70120205.724428	 -74963929.375627	 -32499851.832824
 12936826180.772745	 -13831140859.723013	 -5996350942.969332	 70120205.724428	 -74963929.375627	 -32499851.832824
 13006946386.497173	 -13906104789.098640	 -6028850794.802156	 70120205.724428	 -74963929.375627	 -32499851.832824
 13077066592.221601	 -13981068718.474268	 -6061350646.634981	 70120205.724428	 -74963929.375627	 -32499851.832824
 13147186797.946030	 -14056032647.849895	 -6093850498.467806	 70120205.724428	 -74963929.375627	 -32499851.832824
 13217307003.670458	 -14130996577.225523	 -6126350350.300631	 70120205.724428	 -74963929.375627	 -32499851.832824
 13287427209.394886	 -14205960506.601151	 -6158850202.133455	 70120205.724428	 -74963929.375627	 -32499851.832824
 13357547415.119314	 -14280924435.976778	 -6191350053.966280	 70120205.724428	 -74963929.375627	 -32499851.832824
 13427667620.843742	 -14355888365.352406	 -6223849905.799105	 70120205.724428	 -74963929.375627	 -32499851.832824
 13497787826.568171	 -14430852294.728033	 -6256349757.631929	 70120205.724428	 -74963929.375627	 -32499851.832824
 13567908032.292599	 -14505816224.103661	 -6288849609.464754	 70120205.724428	 -74963929.375627	 -32499851.832824
 13638028238.017027	 -14580780153.479288	 -6321349461.297579	 70120205.724428	 -74963929.375627	 -32499851.832824
 13708148443.741455	 -14655744082.854916	 -6353849313.130404	 70120205.724428	 -74963929.375627	 -32499851.832824
 13778268649.465883	 -14730708012.230543	 -6386349164.963228	 70120205.724428	 -74963929.375627	 -32499851.832824
 13848388855.190311	 -14805671941.606171	 -6418849016.796053	 70120205.724428	 -74963929.375627	 -32499851.832824
 13918509060.914740	 -14880635870.981798	 -6451348868.628878	 70120205.724428	 -74963929.375627	 -32499851.832824
 13988629266.639168	 -14955599800.357426	 -6483848720.461702	 70120205.724428	 -74963929.375627	 -32499851.832824
 14058749472.363596	 -15030563729.733053	 -6516348572.294527	 70120205.724428	 -74963929.375627	 -32499851.832824
 14128869678.088024	 -15105527659.108681	 -6548848424.127352	 70120205.724428	 -74963929.375627	 -32499851.832824
 14198989883.812452	 -15180491588.484308	 -6581348275.960176	 70120205.724428	 -74963929.375627	 -32499851.832824
 14269110089.536880	 -15255455517.859936	 -6613848127.793001	 70120205.724428	 -74963929.375627	 -32499851.832824
 14339230295.261309	 -15330419447.235563	 -6646347979.625826	 70120205.724428	 -74963929.375627	 -32499851.832824
 14409350500.985737	 -15405383376.611191	 -6678847831.458651	 70120205.724428	 -74963929.375627	 -32499851.832824
 14479470706.710165	 -15480347305.986818	 -6711347683.291475	 70120205.724428	 -74963929.375627	 -32499851.832824
 14549590912.434593	 -15555311235.362446	 -6743847535.124300	 70120205.724428	 -74963929.375627	 -32499851.832824
 14619711118.159021	 -15630275164.738073	 -6776347386.957125	 70120205.724428	 -74963929.375627	 -32499851.832824
 14689831323.883450	 -15705239094.113701	 -6808847238.789949	 70120205.724428	 -74963929.375627	 -32499851.832824
 14759951529.607878	 -15780203023.489328	 -6841347090.622774	 70120205.724428	 -74963929.375627	 -32499851.832824
 14830071735.332306	 -15855166952.864956	 -6873846942.455599	 70120205.724428	 -74963929.375627	 -32499851.832824
 14900191941.056734	 -15930130882.240583	 -6906346794.288424	 70120205.724428	 -74963929.375627	 -32499851.832824
 14970312146.781162	 -16005094811.616211	 -6938846646.121248	 70120205.724428	 -74963929.375627	 -32499851.832824
 15040432352.505590	 -16080058740.991838	 -6971346497.954073	 70120205.724428	 -74963929.375627	 -32499851.832824
 15110552558.230019	 -16155022670.367466	 -7003846349.786898	 70120205.724428	 -74963929.375627	 -32499851.832824
 15180672763.954447	 -16229986599.743093	 -7036346201.619722	 70120205.724428	 -74963929.375627	 -32499851.832824
 15250792969.678875	 -16304950529.118721	 -7068846053.452547	 70120205.724428	 -74963929.375627	 -32499851.832824
 15320913175.403303	 -16379914458.494349	 -7101345905.285372	 70120205.724428	 -74963929.375627	 -32499851.832824
 15391033381.127731	 -16454878387.869976	 -7133845757.118196	 70120205.724428	 -74963929.375627	 -32499851.832824
 15461153586.852160	 -16529842317.245604	 -7166345608.951021	 70120205.724428	 -74963929.375627	 -32499851.832824
 15531273792.576588	 -16604806246.621231	 -7198845460.783846	 70120205.724428	 -74963929.375627	 -32499851.832824
 15601393998.301016	 -16679770175.996859	 -7231345312.616671	 70120205.724428	 -74963929.375627	 -32499851.832824
 15671514204.025444	 -16754734105.372486	 -7263845164.449495	 70120205.724428	 -74963929.375627	 -32499851.832824
 15741634409.749872	 -16829698034.748114	 -7296345016.282320	 70120205.724428	 -74963929.375627	 -32499851.832824
 15811754615.474300	 -16904661964.123741	 -7328844868.115145	 70120205.724428	 -74963929.375627	 -32499851.832824
 15881874821.198729	 -16979625893.499369	 -7361344719.947969	 70120205.724428	 -74963929.375627	 -32499851.832824
 15951995026.923157	 -17054589822.874996	 -7393844571.780794	 70120205.724428	 -74963929.375627	 -32499851.832824
 16022115232.647585	 -17129553752.250624	 -7426344423.613619	 70120205.724428	 -74963929.375627	 -32499851.832824
 16092235438.372013	 -17204517681.626251	 -7458844275.446444	 70120205.724428	 -74963929.375627	 -32499851.832824
 16162355644.096441	 -17279481611.001877	 -7491344127.279268	 70120205.724428	 -74963929.375627	 -32499851.832824
 16232475849.820869	 -17354445540.377502	 -7523843979.112093	 70120205.724428	 -74963929.375627	 -32499851.832824
 16302596055.545298	 -17429409469.753128	 -7556343830.944918	 70120205.724428	 -74963929.375627	 -32499851.832824
 16372716261.269726	 -17504373399.128754	 -7588843682.777742	 70120205.724428	 -74963929.375627	 -32499851.832824
 16442836466.994154	 -17579337328.504379	 -7621343534.610567	 70120205.724428	 -74963929.375627	 -32499851.832824
 16512956672.718582	 -17654301257.880005	 -7653843386.443392	 70120205.724428	 -74963929.375627	 -32499851.832824
 16583076878.443010	 -17729265187.255630	 -7686343238.276217	 70120205.724428	 -74963929.375627	 -32499851.832824
 16653197084.167439	 -17804229116.631256	 -7718843090.109041	 70120205.724428	 -74963929.375627	 -32499851.832824
 16723317289.891867	 -17879193046.006882	 -7751342941.941866	 70120205.724428	 -74963929.375627	 -32499851.832824
 16793437495.616295	 -17954156975.382507	 -7783842793.774691	 70120205.724428	 -74963929.375627	 -32499851.832824
 16863557701.340723	 -18029120904.758133	 -7816342645.607515	 70120205.724428	 -74963929.375627	 -32499851.832824
 16933677907.065151	 -18104084834.133759	 -7848842497.440340	 70120205.724428	 -74963929.375627	 -32499851.832824
 17003798112.789579	 -18179048763.509384	 -7881342349.273165	 70120205.724428	 -74963929.375627	 -32499851.832824
 17073918318.514008	 -18254012692.885010	 -7913842201.105989	 70120205.724428	 -74963929.375627	 -32499851.832824
 17144038524.238436	 -18328976622.260635	 -7946342052.938814	 70120205.724428	 -74963929.375627	 -32499851.832824
 17214158729.962864	 -18403940551.636261	 -7978841904.771639	 70120205.724428	 -74963929.375627	 -32499851.832824
 17284278935.687290	 -18478904481.011887	 -8011341756.604464	 70120205.724428	 -74963929.375627	 -32499851.832824
 17354399141.411716	 -18553868410.387512	 -8043841608.437288	 70120205.724428	 -74963929.375627	 -32499851.832824
 17424519347.136143	 -18628832339.763138	 -8076341460.270113	 70120205.724428	 -74963929.375627	 -32499851.832824
 17494639552.860569	 -18703796269.138763	 -8108841312.102938	 70120205.724428	 -74963929.375627	 -32499851.832824
 17564759758.584995	 -18778760198.514389	 -8141341163.935762	 70120205.724428	 -74963929.375627	 -32499851.832824
 17634879964.309422	 -18853724127.890015	 -8173841015.768587	 70120205.724428	 -74963929.375627	 -32499851.832824
 17705000170.033848	 -18928688057.265640	 -8206340867.601412	 70120205.724428	 -74963929.375627	 -32499851.832824
 17775120375.758274	 -19003651986.641266	 -8238840719.434237	 70120205.724428	 -74963929.375627	 -32499851.832824
 17845240581.482700	 -19078615916.016891	 -8271340571.267061	 70120205.724428	 -74963929.375627	 -32499851.832824
 17915360787.207127	 -19153579845.392517	 -8303840423.099886	 70120205.724428	 -74963929.375627	 -32499851.832824
 17985480992.931553	 -19228543774.768143	 -8336340274.932711	 70120205.724428	 -74963929.375627	 -32499851.832824
 18055601198.655979	 -19303507704.143768	 -8368840126.765535	 70120205.724428	 -74963929.375627	 -32499851.832824
 18125721404.380405	 -19378471633.519394	 -8401339978.598360	 70120205.724428	 -74963929.375627	 -32499851.832824
 18195841610.104832	 -19453435562.895020	 -8433839830.431185	 70120205.724428	 -74963929.375627	 -32499851.832824
 18265961815.829258	 -19528399492.270645	 -8466339682.264009	 70120205.724428	 -74963929.375627	 -32499851.832824
 18336082021.553684	 -19603363421.646271	 -8498839534.096834	 70120205.724428	 -74963929.375627	 -32499851.832824
 18406202227.278111	 -19678327351.021896	 -8531339385.929659	 70120205.724428	 -74963929.375627	 -32499851.832824
 18476322433.002537	 -19753291280.397522	 -8563839237.762484	 70120205.724428	 -74963929.375627	 -32499851.832824
 18546442638.726963	 -19828255209.773148	 -8596339089.595308	 70120205.724428	 -74963929.375627	 -32499851.832824
 18616562844.451389	 -19903219139.148773	 -8628838941.428133	 70120205.724428	 -74963929.375627	 -32499851.832824
 18686683050.175816	 -19978183068.524399	 -8661338793.260958	 70120205.724428	 -74963929.375627	 -32499851.832824
 18756803255.900242	 -20053146997.900024	 -8693838645.093782	 70120205.724428	 -74963929.375627	 -32499851.832824
 18826923461.624668	 -20128110927.275650	 -8726338496.926607	 70120205.724428	 -74963929.375627	 -32499851.832824
 18897043667.349094	 -20203074856.651276	 -8758838348.759432	 70120205.724428	 -74963929.375627	 -32499851.832824
 18967163873.073521	 -20278038786.026901	 -8791338200.592257	 70120205.724428	 -74963929.375627	 -32499851.832824
 19037284078.797947	 -20353002715.402527	 -8823838052.425081	 70120205.724428	 -74963929.375627	 -32499851.832824
 19107404284.522373	 -20427966644.778152	 -8856337904.257906	 70120205.724428	 -74963929.375627	 -32499851.832824
 19177524490.246799	 -20502930574.153778	 -8888837756.090731	 70120205.724428	 -74963929.375627	 -32499851.832824
 19247644695.971226	 -20577894503.529404	 -8921337607.923555	 70120205.724428	 -74963929.375627	 -32499851.832824
 19317764901.695652	 -20652858432.905029	 -8953837459.756380	 70120205.724428	 -74963929.375627	 -32499851.832824
 19387885107.420078	 -20727822362.280655	 -8986337311.589205	 70120205.724428	 -74963929.375627	 -32499851.832824
 19458005313.144505	 -20802786291.656281	 -9018837163.422029	 70120205.724428	 -74963929.375627	 -32499851.832824
 19528125518.868931	 -20877750221.031906	 -9051337015.254854	 70120205.724428	 -74963929.375627	 -32499851.832824
 19598245724.593357	 -20952714150.407532	 -9083836867.087679	 70120205.724428	 -74963929.375627	 -32499851.832824
 19668365930.317783	 -21027678079.783157	 -9116336718.920504	 70120205.724428	 -74963929.375627	 -32499851.832824
 19738486136.042210	 -21102642009.158783	 -9148836570.753328	 70120205.724428	 -74963929.375627	 -32499851.832824
 19808606341.766636	 -21177605938.534409	 -9181336422.586153	 70120205.724428	 -74963929.375627	 -32499851.832824
 19878726547.491062	 -21252569867.910034	 -9213836274.418978	 70120205.724428	 -74963929.375627	 -32499851.832824
 19948846753.215488	 -21327533797.285660	 -9246336126.251802	 70120205.724428	 -74963929.375627	 -32499851.832824
 20018966958.939915	 -21402497726.661285	 -9278835978.084627	 70120205.724428	 -74963929.375627	 -32499851.832824
 20089087164.664341	 -21477461656.036911	 -9311335829.917452	 70120205.724428	 -74963929.375627	 -32499851.832824
 20159207370.388767	 -21552425585.412537	 -9343835681.750277	 70120205.724428	 -74963929.375627	 -32499851.832824
 20229327576.113194	 -21627389514.788162	 -9376335533.583101	 70120205.724428	 -74963929.375627	 -32499851.832824
 20299447781.837620	 -21702353444.163788	 -9408835385.415926	 70120205.724428	 -74963929.375627	 -32499851.832824
 20369567987.562046	 -21777317373.539413	 -9441335237.248751	 70120205.724428	 -74963929.375627	 -32499851.832824
 20439688193.286472	 -21852281302.915039	 -9473835089.081575	 70120205.724428	 -74963929.375627	 -32499851.832824
 20509808399.010899	 -21927245232.290665	 -9506334940.914400	 70120205.724428	 -74963929.375627	 -32499851.832824
 20579928604.735325	 -22002209161.666290	 -9538834792.747225	 70120205.724428	 -74963929.375627	 -32499851.832824
 20650048810.459751	 -22077173091.041916	 -9571334644.580050	 70120205.724428	 -74963929.375627	 -32499851.832824
 20720169016.184177	 -22152137020.417542	 -9603834496.412874	 70120205.724428	 -74963929.375627	 -32499851.832824
 20790289221.908604	 -22227100949.793167	 -9636334348.245699	 70120205.724428	 -74963929.375627	 -32499851.832824
 20860409427.633030	 -22302064879.168793	 -9668834200.078524	 70120205.724428	 -74963929.375627	 -32499851.832824
 20930529633.357456	 -22377028808.544418	 -9701334051.911348	 70120205.724428	 -74963929.375627	 -32499851.832824
 21000649839.081882	 -22451992737.920044	 -9733833903.744173	 70120205.724428	 -74963929.375627	 -32499851.832824
 21070770044.806309	 -22526956667.295670	 -9766333755.576998	 70120205.724428	 -74963929.375627	 -32499851.832824
 21140890250.530735	 -22601920596.671295	 -9798833607.409822	 70120205.724428	 -74963929.375627	 -32499851.832824
 21211010456.255161	 -22676884526.046921	 -9831333459.242647	 70120205.724428	 -74963929.375627	 -32499851.832824
 21281130661.979588	 -22751848455.422546	 -9863833311.075472	 70120205.724428	 -74963929.375627	 -32499851.832824
 21351250867.704014	 -22826812384.798172	 -9896333162.908297	 70120205.724428	 -74963929.375627	 -32499851.832824
 21421371073.428440	 -22901776314.173798	 -9928833014.741121	 70120205.724428	 -74963929.375627	 -32499851.832824
 21491491279.152866	 -22976740243.549423	 -9961332866.573946	 70120205.724428	 -74963929.375627	 -32499851.832824
 21561611484.877293	 -23051704172.925049	 -9993832718.406771	 70120205.724428	 -74963929.375627	 -32499851.832824
 21631731690.601719	 -23126668102.300674	 -10026332570.239595	 70120205.724428	 -74963929.375627	 -32499851.832824
 21701851896.326145	 -23201632031.676300	 -10058832422.072420	 70120205.724428	 -74963929.375627	 -32499851.832824
 21771972102.050571	 -23276595961.051926	 -10091332273.905245	 70120205.724428	 -74963929.375627	 -32499851.832824
 21842092307.774998	 -23351559890.427551	 -10123832125.738070	 70120205.724428	 -74963929.375627	 -32499851.832824
 21912212513.499424	 -23426523819.803177	 -10156331977.570894	 70120205.724428	 -74963929.375627	 -32499851.832824
 21982332719.223850	 -23501487749.178802	 -10188831829.403719	 70120205.724428	 -74963929.375627	 -32499851.832824
 22052452924.948277	 -23576451678.554428	 -10221331681.236544	 70120205.724428	 -74963929.375627	 -32499851.832824
 22122573130.672703	 -23651415607.930054	 -10253831533.069368	 70120205.724428	 -74963929.375627	 -32499851.832824
 22192693336.397129	 -23726379537.305679	 -10286331384.902193	 70120205.724428	 -74963929.375627	 -32499851.832824
 22262813542.121555	 -23801343466.681305	 -10318831236.735018	 70120205.724428	 -74963929.375627	 -32499851.832824
 22332933747.845982	 -23876307396.056931	 -10351331088.567842	 70120205.724428	 -74963929.375627	 -32499851.832824
 22403053953.570408	 -23951271325.432556	 -10383830940.400667	 70120205.724428	 -74963929.375627	 -32499851.832824
 22473174159.294834	 -24026235254.808182	 -10416330792.233492	 70120205.724428	 -74963929.375627	 -32499851.832824
 22543294365.019260	 -24101199184.183807	 -10448830644.066317	 70120205.724428	 -74963929.375627	 -32499851.832824
 22613414570.743687	 -24176163113.559433	 -10481330495.899141	 70120205.724428	 -74963929.375627	 -32499851.832824
 22683534776.468113	 -24251127042.935059	 -10513830347.731966	 70120205.724428	 -74963929.375627	 -32499851.832824
 22753654982.192539	 -24326090972.310684	 -10546330199.564791	 70120205.724428	 -74963929.375627	 -32499851.832824
 22823775187.916965	 -24401054901.686310	 -10578830051.397615	 70120205.724428	 -74963929.375627	 -32499851.832824
 22893895393.641392	 -24476018831.061935	 -10611329903.230440	 70120205.724428	 -74963929.375627	 -32499851.832824
 22964015599.365818	 -24550982760.437561	 -10643829755.063265	 70120205.724428	 -74963929.375627	 -32499851.832824
 23034135805.090244	 -24625946689.813187	 -10676329606.896090	 70120205.724428	 -74963929.375627	 -32499851.832824
 23104256010.814671	 -24700910619.188812	 -10708829458.728914	 70120205.724428	 -74963929.375627	 -32499851.832824
 23174376216.539097	 -24775874548.564438	 -10741329310.561739	 70120205.724428	 -74963929.375627	 -32499851.832824
 23244496422.263523	 -24850838477.940063	 -10773829162.394564	 70120205.724428	 -74963929.375627	 -32499851.832824
 23314616627.987949	 -24925802407.315689	 -10806329014.227388	 70120205.724428	 -74963929.375627	 -32499851.832824
 23384736833.712376	 -25000766336.691315	 -10838828866.060213	 70120205.724428	 -74963929.375627	 -32499851.832824
 23454857039.436802	 -25075730266.066940	 -10871328717.893038	 70120205.724428	 -74963929.375627	 -32499851.832824
 23524977245.161228	 -25150694195.442566	 -10903828569.725863	 70120205.724428	 -74963929.375627	 -32499851.832824
 23595097450.885654	 -25225658124.818192	 -10936328421.558687	 70120205.724428	 -74963929.375627	 -32499851.832824
 23665217656.610081	 -25300622054.193817	 -10968828273.391512	 70120205.724428	 -74963929.375627	 -32499851.832824
 23735337862.334507	 -25375585983.569443	 -11001328125.224337	 70120205.724428	 -74963929.375627	 -32499851.832824
 23805458068.058933	 -25450549912.945068	 -11033827977.057161	 70120205.724428	 -74963929.375627	 -32499851.832824
 23875578273.783360	 -25525513842.320694	 -11066327828.889986	 70120205.724428	 -74963929.375627	 -32499851.832824
 23945698479.507786	 -25600477771.696320	 -11098827680.722811	 70120205.724428	 -74963929.375627	 -32499851.832824
 24015818685.232212	 -25675441701.071945	 -11131327532.555635	 70120205.724428	 -74963929.375627	 -32499851.832824
 24085938890.956638	 -25750405630.447571	 -11163827384.388460	 70120205.724428	 -74963929.375627	 -32499851.832824
 24156059096.681065	 -25825369559.823196	 -11196327236.221285	 70120205.724428	 -74963929.375627	 -32499851.832824
 24226179302.405491	 -25900333489.198822	 -11228827088.054110	 70120205.724428	 -74963929.375627	 -32499851.832824
 24296299508.129917	 -25975297418.574448	 -11261326939.886934	 70120205.724428	 -74963929.375627	 -32499851.832824
 24366419713.854343	 -26050261347.950073	 -11293826791.719759	 70120205.724428	 -74963929.375627	 -32499851.832824
 24436539919.578770	 -26125225277.325699	 -11326326643.552584	 70120205.724428	 -74963929.375627	 -32499851.832824
 24506660125.303196	 -26200189206.701324	 -11358826495.385408	 70120205.724428	 -74963929.375627	 -32499851.832824
 24576780331.027622	 -26275153136.076950	 -11391326347.218233	 70120205.724428	 -74963929.375627	 -32499851.832824
 24646900536.752048	 -26350117065.452576	 -11423826199.051058	 70120205.724428	 -74963929.375627	 -32499851.832824
 24717020742.476475	 -26425080994.828201	 -11456326050.883883	 70120205.724428	 -74963929.375627	 -32499851.832824
 24787140948.200901	 -26500044924.203827	 -11488825902.716707	 70120205.724428	 -74963929.375627	 -32499851.832824
 24857261153.925327	 -26575008853.579453	 -11521325754.549532	 70120205.724428	 -74963929.375627	 -32499851.832824
 24927381359.649754	 -26649972782.955078	 -11553825606.382357	 70120205.724428	 -74963929.375627	 -32499851.832824
 24997501565.374180	 -26724936712.330704	 -11586325458.215181	 70120205.724428	 -74963929.375627	 -32499851.832824
 25067621771.098606	 -26799900641.706329	 -11618825310.048006	 70120205.724428	 -74963929.375627	 -32499851.832824
 25137741976.823032	 -26874864571.081955	 -11651325161.880831	 70120205.724428	 -74963929.375627	 -32499851.832824
 25207862182.547459	 -26949828500.457581	 -11683825013.713655	 70120205.724428	 -74963929.375627	 -32499851.832824
 25277982388.271885	 -27024792429.833206	 -11716324865.546480	 70120205.724428	 -74963929.375627	 -32499851.832824
 25348102593.996311	 -27099756359.208832	 -11748824717.379305	 70120205.724428	 -74963929.375627	 -32499851.832824
 25418222799.720737	 -27174720288.584457	 -11781324569.212130	 70120205.724428	 -74963929.375627	 -32499851.832824
 25488343005.445164	 -27249684217.960083	 -11813824421.044954	 70120205.724428	 -74963929.375627	 -32499851.832824
