 21.254123	 -19.489469	 -8.506289	 0.802689	 0.760976	 0.291454
 21.254925	 -19.488708	 -8.505997	 0.802658	 0.761004	 0.291466
 21.255728	 -19.487947	 -8.505706	 0.802627	 0.761032	 0.291478
 21.256531	 -19.487186	 -8.505414	 0.802596	 0.761060	 0.291491
 21.257333	 -19.486425	 -8.505123	 0.802565	 0.761089	 0.291503
 21.258136	 -19.485664	 -8.504831	 0.802534	 0.761117	 0.291515
 21.258938	 -19.484903	 -8.504540	 0.802504	 0.761145	 0.291528
 21.259741	 -19.484142	 -8.504248	 0.802473	 0.761174	 0.291540
 21.260543	 -19.483380	 -8.503957	 0.802442	 0.761202	 0.291552
 21.261346	 -19.482619	 -8.503665	 0.802411	 0.761230	 0.291565
 21.262148	 -19.481858	 -8.503373	 0.802380	 0.761259	 0.291577
 21.262951	 -19.481097	 -8.503082	 0.802349	 0.761287	 0.291589
 21.263753	 -19.480335	 -8.502790	 0.802318	 0.761315	 0.291602
 21.264555	 -19.479574	 -8.502499	 0.802287	 0.761344	 0.291614
 21.265358	 -19.478813	 -8.502207	 0.802256	 0.761372	 0.291626
 21.266160	 -19.478051	 -8.501915	 0.802226	 0.761400	 0.291639
 21.266962	 -19.477290	 -8.501624	 0.802195	 0.761428	 0.291651
 21.267764	 -19.476529	 -8.501332	 0.802164	 0.761457	 0.291664
 21.268566	 -19.475767	 -8.501041	 0.802133	 0.761485	 0.291676
 21.269369	 -19.475006	 -8.500749	 0.802102	 0.761513	 0.291688
 21.270171	 -19.474244	 -8.500457	 0.802071	 0.761542	 0.291701
 21.270973	 -19.473483	 -8.500165	 0.802040	 0.761570	 0.291713
 21.271775	 -19.472721	 -8.499874	 0.802009	 0.761598	 0.291725
 21.272577	 -19.471959	 -8.499582	 0.801978	 0.761626	 0.291738
 21.273379	 -19.471198	 -8.499290	 0.801947	 0.761655	 0.291750
 21.274181	 -19.470436	 -8.498999	 0.801917	 0.761683	 0.291762
 21.274983	 -19.469674	 -8.498707	 0.801886	 0.761711	 0.291775
 21.275784	 -19.468913	 -8.498415	 0.801855	 0.761740	 0.291787
 21.276586	 -19.468151	 -8.498123	 0.801824	 0.761768	 0.291799
 21.277388	 -19.467389	 -8.497831	 0.801793	 0.761796	 0.291812
 21.278190	 -19.466627	 -8.497540	 0.801762	 0.761824	 0.291824
 21.278992	 -19.465866	 -8.497248	 0.801731	 0.761853	 0.291836
 21.279793	 -19.465104	 -8.496956	 0.801700	 0.761881	 0.291849
 21.280595	 -19.464342	 -8.496664	 0.801669	 0.761909	 0.291861
 21.281397	 -19.463580	 -8.496372	 0.801638	 0.761938	 0.291873
 21.282198	 -19.462818	 -8.496080	 0.801607	 0.761966	 0.291886
 21.283000	 -19.462056	 -8.495788	 0.801577	 0.761994	 0.291898
 21.283802	 -19.461294	 -8.495497	 0.801546	 0.762022	 0.291910
 21.284603	 -19.460532	 -8.495205	 0.801515	 0.762051	 0.291923
 21.285405	 -19.459770	 -8.494913	 0.801484	 0.762079	 0.291935
 21.286206	 -19.459008	 -8.494621	 0.801453	 0.762107	 0.291947
 21.287008	 -19.458246	 -8.494329	 0.801422	 0.762135	 0.291960
 21.287809	 -19.457484	 -8.494037	 0.801391	 0.762164	 0.291972
 21.288610	 -19.456722	 -8.493745	 0.801360	 0.762192	 0.291984
 21.289412	 -19.455959	 -8.493453	 0.801329	 0.762220	 0.291997
 21.290213	 -19.455197	 -8.493161	 0.801298	 0.762248	 0.292009
 21.291014	 -19.454435	 -8.492869	 0.801267	 0.762277	 0.292022
 21.291816	 -19.453673	 -8.492577	 0.801236	 0.762305	 0.292034
 21.292617	 -19.452910	 -8.492285	 0.801205	 0.762333	 0.292046
 21.293418	 -19.452148	 -8.491993	 0.801175	 0.762362	 0.292059
 21.294219	 -19.451386	 -8.491701	 0.801144	 0.762390	 0.292071
 21.295020	 -19.450623	 -8.491409	 0.801113	 0.762418	 0.292083
 21.295822	 -19.449861	 -8.491117	 0.801082	 0.762446	 0.292096
 21.296623	 -19.449098	 -8.490825	 0.801051	 0.762475	 0.292108
 21.297424	 -19.448336	 -8.490532	 0.801020	 0.762503	 0.292120
 21.298225	 -19.447573	 -8.490240	 0.800989	 0.762531	 0.292133
 21.299026	 -19.446811	 -8.489948	 0.800958	 0.762559	 0.292145
 21.299827	 -19.446048	 -8.489656	 0.800927	 0.762588	 0.292157
 21.300628	 -19.445286	 -8.489364	 0.800896	 0.762616	 0.292170
 21.301428	 -19.444523	 -8.489072	 0.800865	 0.762644	 0.292182
 21.302229	 -19.443760	 -8.488779	 0.800834	 0.762672	 0.292194
 21.303030	 -19.442998	 -8.488487	 0.800803	 0.762701	 0.292207
 21.303831	 -19.442235	 -8.488195	 0.800772	 0.762729	 0.292219
 21.304632	 -19.441472	 -8.487903	 0.800741	 0.762757	 0.292231
 21.305433	 -19.440710	 -8.487611	 0.800710	 0.762785	 0.292244
 21.306233	 -19.439947	 -8.487318	 0.800679	 0.762814	 0.292256
 21.307034	 -19.439184	 -8.487026	 0.800649	 0.762842	 0.292268
 21.307835	 -19.438421	 -8.486734	 0.800618	 0.762870	 0.292281
 21.308635	 -19.437658	 -8.486442	 0.800587	 0.762898	 0.292293
 21.309436	 -19.436895	 -8.486149	 0.800556	 0.762926	 0.292305
 21.310236	 -19.436132	 -8.485857	 0.800525	 0.762955	 0.292317
 21.311037	 -19.435369	 -8.485565	 0.800494	 0.762983	 0.292330
 21.311837	 -19.434607	 -8.485272	 0.800463	 0.763011	 0.292342
 21.312638	 -19.433843	 -8.484980	 0.800432	 0.763039	 0.292354
 21.313438	 -19.433080	 -8.484688	 0.800401	 0.763068	 0.292367
 21.314239	 -19.432317	 -8.484395	 0.800370	 0.763096	 0.292379
 21.315039	 -19.431554	 -8.484103	 0.800339	 0.763124	 0.292391
 21.315839	 -19.430791	 -8.483811	 0.800308	 0.763152	 0.292404
 21.316640	 -19.430028	 -8.483518	 0.800277	 0.763181	 0.292416
 21.317440	 -19.429265	 -8.483226	 0.800246	 0.763209	 0.292428
 21.318240	 -19.428502	 -8.482933	 0.800215	 0.763237	 0.292441
 21.319040	 -19.427738	 -8.482641	 0.800184	 0.763265	 0.292453
 21.319841	 -19.426975	 -8.482348	 0.800153	 0.763293	 0.292465
 21.320641	 -19.426212	 -8.482056	 0.800122	 0.763322	 0.292478
 21.321441	 -19.425449	 -8.481763	 0.800091	 0.763350	 0.292490
 21.322241	 -19.424685	 -8.481471	 0.800060	 0.763378	 0.292502
 21.323041	 -19.423922	 -8.481178	 0.800029	 0.763406	 0.292515
 21.323841	 -19.423158	 -8.480886	 0.799998	 0.763435	 0.292527
 21.324641	 -19.422395	 -8.480593	 0.799967	 0.763463	 0.292539
 21.325441	 -19.421631	 -8.480301	 0.799936	 0.763491	 0.292552
 21.326241	 -19.420868	 -8.480008	 0.799905	 0.763519	 0.292564
 21.327041	 -19.420104	 -8.479716	 0.799874	 0.763547	 0.292576
 21.327841	 -19.419341	 -8.479423	 0.799843	 0.763576	 0.292589
 21.328641	 -19.418577	 -8.479131	 0.799812	 0.763604	 0.292601
 21.329440	 -19.417814	 -8.478838	 0.799781	 0.763632	 0.292613
 21.330240	 -19.417050	 -8.478545	 0.799750	 0.763660	 0.292626
 21.331040	 -19.416286	 -8.478253	 0.799719	 0.763688	 0.292638
 21.331840	 -19.415523	 -8.477960	 0.799688	 0.763717	 0.292650
 21.332639	 -19.414759	 -8.477667	 0.799657	 0.763745	 0.292663
 21.333439	 -19.413995	 -8.477375	 0.799626	 0.763773	 0.292675
 21.334239	 -19.413232	 -8.477082	 0.799595	 0.763801	 0.292687
 21.335038	 -19.412468	 -8.476789	 0.799564	 0.763830	 0.292699
 21.335838	 -19.411704	 -8.476497	 0.799533	 0.763858	 0.292712
 21.336637	 -19.410940	 -8.476204	 0.799502	 0.763886	 0.292724
 21.337437	 -19.410176	 -8.475911	 0.799471	 0.763914	 0.292736
 21.338236	 -19.409412	 -8.475619	 0.799441	 0.763942	 0.292749
 21.339036	 -19.408648	 -8.475326	 0.799410	 0.763971	 0.292761
 21.339835	 -19.407884	 -8.475033	 0.799379	 0.763999	 0.292773
 21.340634	 -19.407120	 -8.474740	 0.799347	 0.764027	 0.292786
 21.341434	 -19.406356	 -8.474447	 0.799316	 0.764055	 0.292798
 21.342233	 -19.405592	 -8.474155	 0.799285	 0.764083	 0.292810
 21.343032	 -19.404828	 -8.473862	 0.799254	 0.764111	 0.292823
 21.343832	 -19.404064	 -8.473569	 0.799223	 0.764140	 0.292835
 21.344631	 -19.403300	 -8.473276	 0.799192	 0.764168	 0.292847
 21.345430	 -19.402536	 -8.472983	 0.799161	 0.764196	 0.292860
 21.346229	 -19.401772	 -8.472691	 0.799130	 0.764224	 0.292872
 21.347028	 -19.401007	 -8.472398	 0.799099	 0.764252	 0.292884
 21.347827	 -19.400243	 -8.472105	 0.799068	 0.764281	 0.292896
 21.348627	 -19.399479	 -8.471812	 0.799037	 0.764309	 0.292909
 21.349426	 -19.398714	 -8.471519	 0.799006	 0.764337	 0.292921
 21.350225	 -19.397950	 -8.471226	 0.798975	 0.764365	 0.292933
 21.351024	 -19.397186	 -8.470933	 0.798944	 0.764393	 0.292946
 21.351823	 -19.396421	 -8.470640	 0.798913	 0.764422	 0.292958
 21.352621	 -19.395657	 -8.470347	 0.798882	 0.764450	 0.292970
 21.353420	 -19.394893	 -8.470054	 0.798851	 0.764478	 0.292983
 21.354219	 -19.394128	 -8.469761	 0.798820	 0.764506	 0.292995
 21.355018	 -19.393364	 -8.469468	 0.798789	 0.764534	 0.293007
 21.355817	 -19.392599	 -8.469175	 0.798758	 0.764562	 0.293020
 21.356616	 -19.391834	 -8.468882	 0.798727	 0.764591	 0.293032
 21.357414	 -19.391070	 -8.468589	 0.798696	 0.764619	 0.293044
 21.358213	 -19.390305	 -8.468296	 0.798665	 0.764647	 0.293056
 21.359012	 -19.389541	 -8.468003	 0.798634	 0.764675	 0.293069
 21.359810	 -19.388776	 -8.467710	 0.798603	 0.764703	 0.293081
 21.360609	 -19.388011	 -8.467417	 0.798572	 0.764731	 0.293093
 21.361407	 -19.387246	 -8.467124	 0.798541	 0.764760	 0.293106
 21.362206	 -19.386482	 -8.466831	 0.798510	 0.764788	 0.293118
 21.363004	 -19.385717	 -8.466538	 0.798479	 0.764816	 0.293130
 21.363803	 -19.384952	 -8.466244	 0.798448	 0.764844	 0.293143
 21.364601	 -19.384187	 -8.465951	 0.798417	 0.764872	 0.293155
 21.365400	 -19.383422	 -8.465658	 0.798386	 0.764900	 0.293167
 21.366198	 -19.382657	 -8.465365	 0.798355	 0.764929	 0.293179
 21.366997	 -19.381893	 -8.465072	 0.798324	 0.764957	 0.293192
 21.367795	 -19.381128	 -8.464779	 0.798293	 0.764985	 0.293204
 21.368593	 -19.380363	 -8.464485	 0.798262	 0.765013	 0.293216
 21.369391	 -19.379598	 -8.464192	 0.798231	 0.765041	 0.293229
 21.370190	 -19.378833	 -8.463899	 0.798200	 0.765069	 0.293241
 21.370988	 -19.378067	 -8.463606	 0.798169	 0.765097	 0.293253
 21.371786	 -19.377302	 -8.463313	 0.798138	 0.765126	 0.293266
 21.372584	 -19.376537	 -8.463019	 0.798106	 0.765154	 0.293278
 21.373382	 -19.375772	 -8.462726	 0.798075	 0.765182	 0.293290
 21.374180	 -19.375007	 -8.462433	 0.798044	 0.765210	 0.293302
 21.374978	 -19.374242	 -8.462139	 0.798013	 0.765238	 0.293315
 21.375776	 -19.373476	 -8.461846	 0.797982	 0.765266	 0.293327
 21.376574	 -19.372711	 -8.461553	 0.797951	 0.765295	 0.293339
 21.377372	 -19.371946	 -8.461259	 0.797920	 0.765323	 0.293352
 21.378170	 -19.371181	 -8.460966	 0.797889	 0.765351	 0.293364
 21.378968	 -19.370415	 -8.460673	 0.797858	 0.765379	 0.293376
 21.379766	 -19.369650	 -8.460379	 0.797827	 0.765407	 0.293388
 21.380564	 -19.368884	 -8.460086	 0.797796	 0.765435	 0.293401
 21.381362	 -19.368119	 -8.459793	 0.797765	 0.765463	 0.293413
 21.382159	 -19.367354	 -8.459499	 0.797734	 0.765492	 0.293425
 21.382957	 -19.366588	 -8.459206	 0.797703	 0.765520	 0.293438
 21.383755	 -19.365823	 -8.458912	 0.797672	 0.765548	 0.293450
 21.384553	 -19.365057	 -8.458619	 0.797641	 0.765576	 0.293462
 21.385350	 -19.364291	 -8.458325	 0.797610	 0.765604	 0.293474
 21.386148	 -19.363526	 -8.458032	 0.797578	 0.765632	 0.293487
 21.386945	 -19.362760	 -8.457738	 0.797547	 0.765660	 0.293499
 21.387743	 -19.361995	 -8.457445	 0.797516	 0.765688	 0.293511
 21.388540	 -19.361229	 -8.457151	 0.797485	 0.765717	 0.293524
 21.389338	 -19.360463	 -8.456858	 0.797454	 0.765745	 0.293536
 21.390135	 -19.359697	 -8.456564	 0.797423	 0.765773	 0.293548
 21.390933	 -19.358932	 -8.456271	 0.797392	 0.765801	 0.293560
 21.391730	 -19.358166	 -8.455977	 0.797361	 0.765829	 0.293573
 21.392528	 -19.357400	 -8.455684	 0.797330	 0.765857	 0.293585
 21.393325	 -19.356634	 -8.455390	 0.797299	 0.765885	 0.293597
 21.394122	 -19.355868	 -8.455096	 0.797268	 0.765913	 0.293610
 21.394919	 -19.355102	 -8.454803	 0.797237	 0.765942	 0.293622
 21.395717	 -19.354336	 -8.454509	 0.797206	 0.765970	 0.293634
 21.396514	 -19.353570	 -8.454216	 0.797174	 0.765998	 0.293646
 21.397311	 -19.352804	 -8.453922	 0.797143	 0.766026	 0.293659
 21.398108	 -19.352038	 -8.453628	 0.797112	 0.766054	 0.293671
 21.398905	 -19.351272	 -8.453335	 0.797081	 0.766082	 0.293683
 21.399702	 -19.350506	 -8.453041	 0.797050	 0.766110	 0.293696
 21.400499	 -19.349740	 -8.452747	 0.797019	 0.766138	 0.293708
 21.401296	 -19.348974	 -8.452453	 0.796988	 0.766167	 0.293720
 21.402093	 -19.348208	 -8.452160	 0.796957	 0.766195	 0.293732
 21.402890	 -19.347442	 -8.451866	 0.796926	 0.766223	 0.293745
 21.403687	 -19.346675	 -8.451572	 0.796895	 0.766251	 0.293757
 21.404484	 -19.345909	 -8.451279	 0.796864	 0.766279	 0.293769
 21.405281	 -19.345143	 -8.450985	 0.796832	 0.766307	 0.293782
 21.406078	 -19.344377	 -8.450691	 0.796801	 0.766335	 0.293794
 21.406875	 -19.343610	 -8.450397	 0.796770	 0.766363	 0.293806
 21.407671	 -19.342844	 -8.450103	 0.796739	 0.766391	 0.293818
 21.408468	 -19.342077	 -8.449810	 0.796708	 0.766419	 0.293831
 21.409265	 -19.341311	 -8.449516	 0.796677	 0.766448	 0.293843
 21.410062	 -19.340545	 -8.449222	 0.796646	 0.766476	 0.293855
 21.410858	 -19.339778	 -8.448928	 0.796615	 0.766504	 0.293867
 21.411655	 -19.339012	 -8.448634	 0.796584	 0.766532	 0.293880
 21.412451	 -19.338245	 -8.448340	 0.796552	 0.766560	 0.293892
 21.413248	 -19.337479	 -8.448046	 0.796521	 0.766588	 0.293904
 21.414045	 -19.336712	 -8.447752	 0.796490	 0.766616	 0.293917
 21.414841	 -19.335945	 -8.447459	 0.796459	 0.766644	 0.293929
 21.415637	 -19.335179	 -8.447165	 0.796428	 0.766672	 0.293941
 21.416434	 -19.334412	 -8.446871	 0.796397	 0.766700	 0.293953
 21.417230	 -19.333645	 -8.446577	 0.796366	 0.766729	 0.293966
 21.418027	 -19.332879	 -8.446283	 0.796335	 0.766757	 0.293978
 21.418823	 -19.332112	 -8.445989	 0.796304	 0.766785	 0.293990
 21.419619	 -19.331345	 -8.445695	 0.796272	 0.766813	 0.294002
 21.420416	 -19.330578	 -8.445401	 0.796241	 0.766841	 0.294015
 21.421212	 -19.329811	 -8.445107	 0.796210	 0.766869	 0.294027
 21.422008	 -19.329045	 -8.444813	 0.796179	 0.766897	 0.294039
 21.422804	 -19.328278	 -8.444519	 0.796148	 0.766925	 0.294052
 21.423600	 -19.327511	 -8.444225	 0.796117	 0.766953	 0.294064
 21.424396	 -19.326744	 -8.443931	 0.796086	 0.766981	 0.294076
 21.425193	 -19.325977	 -8.443637	 0.796055	 0.767009	 0.294088
 21.425989	 -19.325210	 -8.443342	 0.796023	 0.767037	 0.294101
 21.426785	 -19.324443	 -8.443048	 0.795992	 0.767066	 0.294113
 21.427581	 -19.323676	 -8.442754	 0.795961	 0.767094	 0.294125
 21.428377	 -19.322909	 -8.442460	 0.795930	 0.767122	 0.294137
 21.429173	 -19.322141	 -8.442166	 0.795899	 0.767150	 0.294150
 21.429968	 -19.321374	 -8.441872	 0.795868	 0.767178	 0.294162
 21.430764	 -19.320607	 -8.441578	 0.795837	 0.767206	 0.294174
 21.431560	 -19.319840	 -8.441283	 0.795806	 0.767234	 0.294187
 21.432356	 -19.319073	 -8.440989	 0.795774	 0.767262	 0.294199
 21.433152	 -19.318305	 -8.440695	 0.795743	 0.767290	 0.294211
 21.433947	 -19.317538	 -8.440401	 0.795712	 0.767318	 0.294223
 21.434743	 -19.316771	 -8.440107	 0.795681	 0.767346	 0.294236
 21.435539	 -19.316003	 -8.439812	 0.795650	 0.767374	 0.294248
 21.436334	 -19.315236	 -8.439518	 0.795619	 0.767402	 0.294260
 21.437130	 -19.314469	 -8.439224	 0.795588	 0.767430	 0.294272
 21.437926	 -19.313701	 -8.438930	 0.795556	 0.767459	 0.294285
 21.438721	 -19.312934	 -8.438635	 0.795525	 0.767487	 0.294297
 21.439517	 -19.312166	 -8.438341	 0.795494	 0.767515	 0.294309
 21.440312	 -19.311399	 -8.438047	 0.795463	 0.767543	 0.294321
 21.441108	 -19.310631	 -8.437752	 0.795432	 0.767571	 0.294334
 21.441903	 -19.309864	 -8.437458	 0.795401	 0.767599	 0.294346
 21.442699	 -19.309096	 -8.437164	 0.795370	 0.767627	 0.294358
 21.443494	 -19.308328	 -8.436869	 0.795338	 0.767655	 0.294370
 21.444289	 -19.307561	 -8.436575	 0.795307	 0.767683	 0.294383
 21.445085	 -19.306793	 -8.436281	 0.795276	 0.767711	 0.294395
 21.445880	 -19.306025	 -8.435986	 0.795245	 0.767739	 0.294407
 21.446675	 -19.305258	 -8.435692	 0.795214	 0.767767	 0.294419
 21.447470	 -19.304490	 -8.435397	 0.795183	 0.767795	 0.294432
 21.448266	 -19.303722	 -8.435103	 0.795151	 0.767823	 0.294444
 21.449061	 -19.302954	 -8.434809	 0.795120	 0.767851	 0.294456
 21.449856	 -19.302186	 -8.434514	 0.795089	 0.767879	 0.294468
 21.450651	 -19.301419	 -8.434220	 0.795058	 0.767907	 0.294481
 21.451446	 -19.300651	 -8.433925	 0.795027	 0.767935	 0.294493
 21.452241	 -19.299883	 -8.433631	 0.794996	 0.767963	 0.294505
 21.453036	 -19.299115	 -8.433336	 0.794964	 0.767991	 0.294518
 21.453831	 -19.298347	 -8.433042	 0.794933	 0.768020	 0.294530
 21.454626	 -19.297579	 -8.432747	 0.794902	 0.768048	 0.294542
 21.455421	 -19.296811	 -8.432453	 0.794871	 0.768076	 0.294554
 21.456216	 -19.296043	 -8.432158	 0.794840	 0.768104	 0.294567
 21.457010	 -19.295275	 -8.431863	 0.794809	 0.768132	 0.294579
 21.457805	 -19.294506	 -8.431569	 0.794777	 0.768160	 0.294591
 21.458600	 -19.293738	 -8.431274	 0.794746	 0.768188	 0.294603
 21.459395	 -19.292970	 -8.430980	 0.794715	 0.768216	 0.294616
 21.460190	 -19.292202	 -8.430685	 0.794684	 0.768244	 0.294628
 21.460984	 -19.291434	 -8.430390	 0.794653	 0.768272	 0.294640
 21.461779	 -19.290665	 -8.430096	 0.794621	 0.768300	 0.294652
 21.462573	 -19.289897	 -8.429801	 0.794590	 0.768328	 0.294665
 21.463368	 -19.289129	 -8.429506	 0.794559	 0.768356	 0.294677
 21.464163	 -19.288360	 -8.429212	 0.794528	 0.768384	 0.294689
 21.464957	 -19.287592	 -8.428917	 0.794497	 0.768412	 0.294701
 21.465752	 -19.286824	 -8.428622	 0.794466	 0.768440	 0.294714
 21.466546	 -19.286055	 -8.428328	 0.794434	 0.768468	 0.294726
 21.467341	 -19.285287	 -8.428033	 0.794403	 0.768496	 0.294738
 21.468135	 -19.284518	 -8.427738	 0.794372	 0.768524	 0.294750
 21.468929	 -19.283750	 -8.427443	 0.794341	 0.768552	 0.294762
 21.469724	 -19.282981	 -8.427149	 0.794310	 0.768580	 0.294775
 21.470518	 -19.282212	 -8.426854	 0.794278	 0.768608	 0.294787
 21.471312	 -19.281444	 -8.426559	 0.794247	 0.768636	 0.294799
 21.472106	 -19.280675	 -8.426264	 0.794216	 0.768664	 0.294811
 21.472901	 -19.279907	 -8.425970	 0.794185	 0.768692	 0.294824
 21.473695	 -19.279138	 -8.425675	 0.794154	 0.768720	 0.294836
 21.474489	 -19.278369	 -8.425380	 0.794122	 0.768748	 0.294848
 21.475283	 -19.277600	 -8.425085	 0.794091	 0.768776	 0.294860
 21.476077	 -19.276832	 -8.424790	 0.794060	 0.768804	 0.294873
 21.476871	 -19.276063	 -8.424495	 0.794029	 0.768832	 0.294885
 21.477665	 -19.275294	 -8.424200	 0.793998	 0.768860	 0.294897
 21.478459	 -19.274525	 -8.423906	 0.793966	 0.768888	 0.294909
 21.479253	 -19.273756	 -8.423611	 0.793935	 0.768916	 0.294922
 21.480047	 -19.272987	 -8.423316	 0.793904	 0.768944	 0.294934
 21.480841	 -19.272218	 -8.423021	 0.793873	 0.768972	 0.294946
 21.481635	 -19.271449	 -8.422726	 0.793842	 0.769000	 0.294958
 21.482429	 -19.270680	 -8.422431	 0.793810	 0.769028	 0.294971
 21.483223	 -19.269911	 -8.422136	 0.793779	 0.769056	 0.294983
 21.484016	 -19.269142	 -8.421841	 0.793748	 0.769084	 0.294995
 21.484810	 -19.268373	 -8.421546	 0.793717	 0.769112	 0.295007
 21.485604	 -19.267604	 -8.421251	 0.793685	 0.769140	 0.295020
 21.486398	 -19.266835	 -8.420956	 0.793654	 0.769168	 0.295032
 21.487191	 -19.266066	 -8.420661	 0.793623	 0.769196	 0.295044
 21.487985	 -19.265297	 -8.420366	 0.793592	 0.769224	 0.295056
 21.488778	 -19.264527	 -8.420071	 0.793561	 0.769252	 0.295068
 21.489572	 -19.263758	 -8.419776	 0.793529	 0.769280	 0.295081
 21.490366	 -19.262989	 -8.419481	 0.793498	 0.769308	 0.295093
 21.491159	 -19.262220	 -8.419186	 0.793467	 0.769336	 0.295105
 21.491953	 -19.261450	 -8.418890	 0.793436	 0.769364	 0.295117
 21.492746	 -19.260681	 -8.418595	 0.793404	 0.769392	 0.295130
 21.493539	 -19.259911	 -8.418300	 0.793373	 0.769420	 0.295142
 21.494333	 -19.259142	 -8.418005	 0.793342	 0.769448	 0.295154
 21.495126	 -19.258373	 -8.417710	 0.793311	 0.769476	 0.295166
 21.495919	 -19.257603	 -8.417415	 0.793280	 0.769504	 0.295179
 21.496713	 -19.256834	 -8.417120	 0.793248	 0.769532	 0.295191
 21.497506	 -19.256064	 -8.416824	 0.793217	 0.769560	 0.295203
 21.498299	 -19.255295	 -8.416529	 0.793186	 0.769588	 0.295215
 21.499092	 -19.254525	 -8.416234	 0.793155	 0.769616	 0.295227
 21.499885	 -19.253755	 -8.415939	 0.793123	 0.769644	 0.295240
 21.500679	 -19.252986	 -8.415643	 0.793092	 0.769672	 0.295252
 21.501472	 -19.252216	 -8.415348	 0.793061	 0.769700	 0.295264
 21.502265	 -19.251446	 -8.415053	 0.793030	 0.769728	 0.295276
 21.503058	 -19.250677	 -8.414758	 0.792998	 0.769756	 0.295289
 21.503851	 -19.249907	 -8.414462	 0.792967	 0.769784	 0.295301
 21.504644	 -19.249137	 -8.414167	 0.792936	 0.769812	 0.295313
 21.505437	 -19.248367	 -8.413872	 0.792905	 0.769840	 0.295325
 21.506230	 -19.247597	 -8.413576	 0.792873	 0.769868	 0.295338
 21.507022	 -19.246828	 -8.413281	 0.792842	 0.769896	 0.295350
 21.507815	 -19.246058	 -8.412986	 0.792811	 0.769924	 0.295362
 21.508608	 -19.245288	 -8.412690	 0.792780	 0.769952	 0.295374
 21.509401	 -19.244518	 -8.412395	 0.792748	 0.769980	 0.295386
 21.510194	 -19.243748	 -8.412100	 0.792717	 0.770008	 0.295399
 21.510986	 -19.242978	 -8.411804	 0.792686	 0.770036	 0.295411
 21.511779	 -19.242208	 -8.411509	 0.792655	 0.770064	 0.295423
 21.512572	 -19.241438	 -8.411213	 0.792623	 0.770091	 0.295435
 21.513364	 -19.240668	 -8.410918	 0.792592	 0.770119	 0.295448
 21.514157	 -19.239897	 -8.410622	 0.792561	 0.770147	 0.295460
 21.514949	 -19.239127	 -8.410327	 0.792530	 0.770175	 0.295472
 21.515742	 -19.238357	 -8.410032	 0.792498	 0.770203	 0.295484
 21.516535	 -19.237587	 -8.409736	 0.792467	 0.770231	 0.295496
 21.517327	 -19.236817	 -8.409441	 0.792436	 0.770259	 0.295509
 21.518119	 -19.236046	 -8.409145	 0.792405	 0.770287	 0.295521
 21.518912	 -19.235276	 -8.408850	 0.792373	 0.770315	 0.295533
 21.519704	 -19.234506	 -8.408554	 0.792342	 0.770343	 0.295545
 21.520497	 -19.233735	 -8.408258	 0.792311	 0.770371	 0.295558
 21.521289	 -19.232965	 -8.407963	 0.792279	 0.770399	 0.295570
 21.522081	 -19.232195	 -8.407667	 0.792248	 0.770427	 0.295582
 21.522873	 -19.231424	 -8.407372	 0.792217	 0.770455	 0.295594
 21.523666	 -19.230654	 -8.407076	 0.792186	 0.770483	 0.295606
 21.524458	 -19.229883	 -8.406781	 0.792154	 0.770511	 0.295619
 21.525250	 -19.229113	 -8.406485	 0.792123	 0.770539	 0.295631
 21.526042	 -19.228342	 -8.406189	 0.792092	 0.770567	 0.295643
 21.526834	 -19.227572	 -8.405894	 0.792061	 0.770595	 0.295655
 21.527626	 -19.226801	 -8.405598	 0.792029	 0.770622	 0.295667
 21.528418	 -19.226031	 -8.405302	 0.791998	 0.770650	 0.295680
 21.529210	 -19.225260	 -8.405007	 0.791967	 0.770678	 0.295692
 21.530002	 -19.224489	 -8.404711	 0.791935	 0.770706	 0.295704
 21.530794	 -19.223718	 -8.404415	 0.791904	 0.770734	 0.295716
 21.531586	 -19.222948	 -8.404120	 0.791873	 0.770762	 0.295729
 21.532378	 -19.222177	 -8.403824	 0.791842	 0.770790	 0.295741
 21.533170	 -19.221406	 -8.403528	 0.791810	 0.770818	 0.295753
 21.533962	 -19.220635	 -8.403232	 0.791779	 0.770846	 0.295765
 21.534753	 -19.219865	 -8.402937	 0.791748	 0.770874	 0.295777
 21.535545	 -19.219094	 -8.402641	 0.791716	 0.770902	 0.295790
 21.536337	 -19.218323	 -8.402345	 0.791685	 0.770930	 0.295802
 21.537128	 -19.217552	 -8.402049	 0.791654	 0.770958	 0.295814
 21.537920	 -19.216781	 -8.401753	 0.791623	 0.770986	 0.295826
 21.538712	 -19.216010	 -8.401458	 0.791591	 0.771014	 0.295838
 21.539503	 -19.215239	 -8.401162	 0.791560	 0.771041	 0.295851
 21.540295	 -19.214468	 -8.400866	 0.791529	 0.771069	 0.295863
 21.541086	 -19.213697	 -8.400570	 0.791497	 0.771097	 0.295875
 21.541878	 -19.212926	 -8.400274	 0.791466	 0.771125	 0.295887
 21.542669	 -19.212155	 -8.399978	 0.791435	 0.771153	 0.295899
 21.543461	 -19.211383	 -8.399682	 0.791403	 0.771181	 0.295912
 21.544252	 -19.210612	 -8.399386	 0.791372	 0.771209	 0.295924
 21.545044	 -19.209841	 -8.399091	 0.791341	 0.771237	 0.295936
 21.545835	 -19.209070	 -8.398795	 0.791310	 0.771265	 0.295948
 21.546626	 -19.208298	 -8.398499	 0.791278	 0.771293	 0.295960
 21.547418	 -19.207527	 -8.398203	 0.791247	 0.771321	 0.295973
 21.548209	 -19.206756	 -8.397907	 0.791216	 0.771349	 0.295985
 21.549000	 -19.205985	 -8.397611	 0.791184	 0.771376	 0.295997
 21.549791	 -19.205213	 -8.397315	 0.791153	 0.771404	 0.296009
 21.550582	 -19.204442	 -8.397019	 0.791122	 0.771432	 0.296021
 21.551373	 -19.203670	 -8.396723	 0.791090	 0.771460	 0.296034
 21.552165	 -19.202899	 -8.396427	 0.791059	 0.771488	 0.296046
 21.552956	 -19.202127	 -8.396131	 0.791028	 0.771516	 0.296058
 21.553747	 -19.201356	 -8.395835	 0.790996	 0.771544	 0.296070
 21.554538	 -19.200584	 -8.395538	 0.790965	 0.771572	 0.296082
 21.555329	 -19.199813	 -8.395242	 0.790934	 0.771600	 0.296095
 21.556120	 -19.199041	 -8.394946	 0.790902	 0.771628	 0.296107
 21.556910	 -19.198270	 -8.394650	 0.790871	 0.771655	 0.296119
 21.557701	 -19.197498	 -8.394354	 0.790840	 0.771683	 0.296131
 21.558492	 -19.196726	 -8.394058	 0.790808	 0.771711	 0.296143
 21.559283	 -19.195954	 -8.393762	 0.790777	 0.771739	 0.296156
 21.560074	 -19.195183	 -8.393466	 0.790746	 0.771767	 0.296168
 21.560864	 -19.194411	 -8.393169	 0.790714	 0.771795	 0.296180
 21.561655	 -19.193639	 -8.392873	 0.790683	 0.771823	 0.296192
 21.562446	 -19.192867	 -8.392577	 0.790652	 0.771851	 0.296204
 21.563237	 -19.192095	 -8.392281	 0.790621	 0.771879	 0.296217
 21.564027	 -19.191324	 -8.391985	 0.790589	 0.771906	 0.296229
 21.564818	 -19.190552	 -8.391688	 0.790558	 0.771934	 0.296241
 21.565608	 -19.189780	 -8.391392	 0.790527	 0.771962	 0.296253
 21.566399	 -19.189008	 -8.391096	 0.790495	 0.771990	 0.296265
 21.567189	 -19.188236	 -8.390800	 0.790464	 0.772018	 0.296278
 21.567980	 -19.187464	 -8.390503	 0.790432	 0.772046	 0.296290
 21.568770	 -19.186692	 -8.390207	 0.790401	 0.772074	 0.296302
 21.569561	 -19.185920	 -8.389911	 0.790370	 0.772102	 0.296314
 21.570351	 -19.185148	 -8.389614	 0.790338	 0.772130	 0.296326
 21.571141	 -19.184375	 -8.389318	 0.790307	 0.772157	 0.296339
 21.571932	 -19.183603	 -8.389022	 0.790276	 0.772185	 0.296351
 21.572722	 -19.182831	 -8.388725	 0.790244	 0.772213	 0.296363
 21.573512	 -19.182059	 -8.388429	 0.790213	 0.772241	 0.296375
 21.574302	 -19.181287	 -8.388133	 0.790182	 0.772269	 0.296387
 21.575093	 -19.180514	 -8.387836	 0.790150	 0.772297	 0.296400
 21.575883	 -19.179742	 -8.387540	 0.790119	 0.772325	 0.296412
 21.576673	 -19.178970	 -8.387244	 0.790088	 0.772353	 0.296424
 21.577463	 -19.178197	 -8.386947	 0.790056	 0.772380	 0.296436
 21.578253	 -19.177425	 -8.386651	 0.790025	 0.772408	 0.296448
 21.579043	 -19.176653	 -8.386354	 0.789994	 0.772436	 0.296460
 21.579833	 -19.175880	 -8.386058	 0.789962	 0.772464	 0.296473
 21.580623	 -19.175108	 -8.385761	 0.789931	 0.772492	 0.296485
 21.581413	 -19.174335	 -8.385465	 0.789900	 0.772520	 0.296497
 21.582203	 -19.173563	 -8.385168	 0.789868	 0.772548	 0.296509
 21.582993	 -19.172790	 -8.384872	 0.789837	 0.772575	 0.296521
 21.583782	 -19.172018	 -8.384575	 0.789805	 0.772603	 0.296534
 21.584572	 -19.171245	 -8.384279	 0.789774	 0.772631	 0.296546
 21.585362	 -19.170472	 -8.383982	 0.789743	 0.772659	 0.296558
 21.586152	 -19.169700	 -8.383686	 0.789711	 0.772687	 0.296570
 21.586942	 -19.168927	 -8.383389	 0.789680	 0.772715	 0.296582
 21.587731	 -19.168154	 -8.383093	 0.789649	 0.772743	 0.296595
 21.588521	 -19.167382	 -8.382796	 0.789617	 0.772770	 0.296607
 21.589310	 -19.166609	 -8.382499	 0.789586	 0.772798	 0.296619
 21.590100	 -19.165836	 -8.382203	 0.789555	 0.772826	 0.296631
 21.590890	 -19.165063	 -8.381906	 0.789523	 0.772854	 0.296643
 21.591679	 -19.164290	 -8.381609	 0.789492	 0.772882	 0.296655
 21.592469	 -19.163517	 -8.381313	 0.789460	 0.772910	 0.296668
 21.593258	 -19.162744	 -8.381016	 0.789429	 0.772938	 0.296680
 21.594048	 -19.161972	 -8.380719	 0.789398	 0.772965	 0.296692
 21.594837	 -19.161199	 -8.380423	 0.789366	 0.772993	 0.296704
 21.595626	 -19.160426	 -8.380126	 0.789335	 0.773021	 0.296716
 21.596416	 -19.159653	 -8.379829	 0.789303	 0.773049	 0.296728
 21.597205	 -19.158880	 -8.379533	 0.789272	 0.773077	 0.296741
 21.597994	 -19.158106	 -8.379236	 0.789241	 0.773105	 0.296753
 21.598783	 -19.157333	 -8.378939	 0.789209	 0.773132	 0.296765
 21.599573	 -19.156560	 -8.378642	 0.789178	 0.773160	 0.296777
 21.600362	 -19.155787	 -8.378346	 0.789147	 0.773188	 0.296789
 21.601151	 -19.155014	 -8.378049	 0.789115	 0.773216	 0.296802
 21.601940	 -19.154241	 -8.377752	 0.789084	 0.773244	 0.296814
 21.602729	 -19.153467	 -8.377455	 0.789052	 0.773272	 0.296826
 21.603518	 -19.152694	 -8.377158	 0.789021	 0.773299	 0.296838
 21.604307	 -19.151921	 -8.376861	 0.788990	 0.773327	 0.296850
 21.605096	 -19.151148	 -8.376565	 0.788958	 0.773355	 0.296862
 21.605885	 -19.150374	 -8.376268	 0.788927	 0.773383	 0.296875
 21.606674	 -19.149601	 -8.375971	 0.788895	 0.773411	 0.296887
 21.607463	 -19.148827	 -8.375674	 0.788864	 0.773439	 0.296899
 21.608252	 -19.148054	 -8.375377	 0.788833	 0.773466	 0.296911
 21.609041	 -19.147280	 -8.375080	 0.788801	 0.773494	 0.296923
 21.609829	 -19.146507	 -8.374783	 0.788770	 0.773522	 0.296935
 21.610618	 -19.145733	 -8.374486	 0.788738	 0.773550	 0.296948
 21.611407	 -19.144960	 -8.374189	 0.788707	 0.773578	 0.296960
 21.612196	 -19.144186	 -8.373892	 0.788676	 0.773606	 0.296972
 21.612984	 -19.143413	 -8.373595	 0.788644	 0.773633	 0.296984
 21.613773	 -19.142639	 -8.373298	 0.788613	 0.773661	 0.296996
 21.614562	 -19.141865	 -8.373001	 0.788581	 0.773689	 0.297008
 21.615350	 -19.141092	 -8.372704	 0.788550	 0.773717	 0.297021
 21.616139	 -19.140318	 -8.372407	 0.788519	 0.773745	 0.297033
 21.616927	 -19.139544	 -8.372110	 0.788487	 0.773772	 0.297045
 21.617716	 -19.138770	 -8.371813	 0.788456	 0.773800	 0.297057
 21.618504	 -19.137997	 -8.371516	 0.788424	 0.773828	 0.297069
 21.619293	 -19.137223	 -8.371219	 0.788393	 0.773856	 0.297081
 21.620081	 -19.136449	 -8.370922	 0.788361	 0.773884	 0.297094
 21.620869	 -19.135675	 -8.370625	 0.788330	 0.773912	 0.297106
 21.621658	 -19.134901	 -8.370328	 0.788299	 0.773939	 0.297118
 21.622446	 -19.134127	 -8.370031	 0.788267	 0.773967	 0.297130
 21.623234	 -19.133353	 -8.369734	 0.788236	 0.773995	 0.297142
 21.624023	 -19.132579	 -8.369437	 0.788204	 0.774023	 0.297154
 21.624811	 -19.131805	 -8.369139	 0.788173	 0.774051	 0.297167
 21.625599	 -19.131031	 -8.368842	 0.788142	 0.774078	 0.297179
 21.626387	 -19.130257	 -8.368545	 0.788110	 0.774106	 0.297191
 21.627175	 -19.129483	 -8.368248	 0.788079	 0.774134	 0.297203
 21.627963	 -19.128709	 -8.367951	 0.788047	 0.774162	 0.297215
 21.628751	 -19.127935	 -8.367653	 0.788016	 0.774190	 0.297227
 21.629539	 -19.127161	 -8.367356	 0.787984	 0.774217	 0.297240
 21.630327	 -19.126386	 -8.367059	 0.787953	 0.774245	 0.297252
 21.631115	 -19.125612	 -8.366762	 0.787922	 0.774273	 0.297264
 21.631903	 -19.124838	 -8.366464	 0.787890	 0.774301	 0.297276
 21.632691	 -19.124064	 -8.366167	 0.787859	 0.774329	 0.297288
 21.633479	 -19.123289	 -8.365870	 0.787827	 0.774356	 0.297300
 21.634267	 -19.122515	 -8.365573	 0.787796	 0.774384	 0.297313
 21.635055	 -19.121740	 -8.365275	 0.787764	 0.774412	 0.297325
 21.635842	 -19.120966	 -8.364978	 0.787733	 0.774440	 0.297337
 21.636630	 -19.120192	 -8.364681	 0.787701	 0.774467	 0.297349
 21.637418	 -19.119417	 -8.364383	 0.787670	 0.774495	 0.297361
 21.638205	 -19.118643	 -8.364086	 0.787639	 0.774523	 0.297373
 21.638993	 -19.117868	 -8.363789	 0.787607	 0.774551	 0.297385
 21.639781	 -19.117094	 -8.363491	 0.787576	 0.774579	 0.297398
 21.640568	 -19.116319	 -8.363194	 0.787544	 0.774606	 0.297410
 21.641356	 -19.115544	 -8.362896	 0.787513	 0.774634	 0.297422
 21.642143	 -19.114770	 -8.362599	 0.787481	 0.774662	 0.297434
 21.642931	 -19.113995	 -8.362301	 0.787450	 0.774690	 0.297446
 21.643718	 -19.113220	 -8.362004	 0.787418	 0.774717	 0.297458
 21.644506	 -19.112446	 -8.361707	 0.787387	 0.774745	 0.297471
 21.645293	 -19.111671	 -8.361409	 0.787356	 0.774773	 0.297483
 21.646080	 -19.110896	 -8.361112	 0.787324	 0.774801	 0.297495
 21.646868	 -19.110121	 -8.360814	 0.787293	 0.774829	 0.297507
 21.647655	 -19.109347	 -8.360517	 0.787261	 0.774856	 0.297519
 21.648442	 -19.108572	 -8.360219	 0.787230	 0.774884	 0.297531
 21.649229	 -19.107797	 -8.359922	 0.787198	 0.774912	 0.297543
 21.650017	 -19.107022	 -8.359624	 0.787167	 0.774940	 0.297556
 21.650804	 -19.106247	 -8.359326	 0.787135	 0.774967	 0.297568
 21.651591	 -19.105472	 -8.359029	 0.787104	 0.774995	 0.297580
 21.652378	 -19.104697	 -8.358731	 0.787072	 0.775023	 0.297592
 21.653165	 -19.103922	 -8.358434	 0.787041	 0.775051	 0.297604
 21.653952	 -19.103147	 -8.358136	 0.787009	 0.775078	 0.297616
 21.654739	 -19.102372	 -8.357839	 0.786978	 0.775106	 0.297628
 21.655526	 -19.101597	 -8.357541	 0.786947	 0.775134	 0.297641
 21.656313	 -19.100822	 -8.357243	 0.786915	 0.775162	 0.297653
 21.657100	 -19.100046	 -8.356946	 0.786884	 0.775190	 0.297665
 21.657887	 -19.099271	 -8.356648	 0.786852	 0.775217	 0.297677
 21.658674	 -19.098496	 -8.356350	 0.786821	 0.775245	 0.297689
 21.659461	 -19.097721	 -8.356053	 0.786789	 0.775273	 0.297701
 21.660247	 -19.096945	 -8.355755	 0.786758	 0.775301	 0.297713
 21.661034	 -19.096170	 -8.355457	 0.786726	 0.775328	 0.297726
 21.661821	 -19.095395	 -8.355159	 0.786695	 0.775356	 0.297738
 21.662608	 -19.094620	 -8.354862	 0.786663	 0.775384	 0.297750
 21.663394	 -19.093844	 -8.354564	 0.786632	 0.775412	 0.297762
 21.664181	 -19.093069	 -8.354266	 0.786600	 0.775439	 0.297774
 21.664967	 -19.092293	 -8.353968	 0.786569	 0.775467	 0.297786
 21.665754	 -19.091518	 -8.353671	 0.786537	 0.775495	 0.297798
 21.666541	 -19.090742	 -8.353373	 0.786506	 0.775523	 0.297811
 21.667327	 -19.089967	 -8.353075	 0.786474	 0.775550	 0.297823
 21.668114	 -19.089191	 -8.352777	 0.786443	 0.775578	 0.297835
 21.668900	 -19.088416	 -8.352479	 0.786411	 0.775606	 0.297847
 21.669686	 -19.087640	 -8.352182	 0.786380	 0.775634	 0.297859
 21.670473	 -19.086864	 -8.351884	 0.786348	 0.775661	 0.297871
 21.671259	 -19.086089	 -8.351586	 0.786317	 0.775689	 0.297883
 21.672045	 -19.085313	 -8.351288	 0.786285	 0.775717	 0.297896
 21.672832	 -19.084537	 -8.350990	 0.786254	 0.775744	 0.297908
 21.673618	 -19.083762	 -8.350692	 0.786222	 0.775772	 0.297920
 21.674404	 -19.082986	 -8.350394	 0.786191	 0.775800	 0.297932
 21.675190	 -19.082210	 -8.350096	 0.786159	 0.775828	 0.297944
 21.675977	 -19.081434	 -8.349798	 0.786128	 0.775855	 0.297956
 21.676763	 -19.080658	 -8.349500	 0.786096	 0.775883	 0.297968
 21.677549	 -19.079882	 -8.349202	 0.786065	 0.775911	 0.297981
 21.678335	 -19.079107	 -8.348904	 0.786033	 0.775939	 0.297993
 21.679121	 -19.078331	 -8.348606	 0.786002	 0.775966	 0.298005
 21.679907	 -19.077555	 -8.348308	 0.785970	 0.775994	 0.298017
 21.680693	 -19.076779	 -8.348010	 0.785939	 0.776022	 0.298029
 21.681479	 -19.076003	 -8.347712	 0.785907	 0.776049	 0.298041
 21.682265	 -19.075227	 -8.347414	 0.785876	 0.776077	 0.298053
 21.683051	 -19.074451	 -8.347116	 0.785844	 0.776105	 0.298065
 21.683836	 -19.073674	 -8.346818	 0.785813	 0.776133	 0.298078
 21.684622	 -19.072898	 -8.346520	 0.785781	 0.776160	 0.298090
 21.685408	 -19.072122	 -8.346222	 0.785750	 0.776188	 0.298102
 21.686194	 -19.071346	 -8.345924	 0.785718	 0.776216	 0.298114
 21.686980	 -19.070570	 -8.345626	 0.785687	 0.776244	 0.298126
 21.687765	 -19.069793	 -8.345328	 0.785655	 0.776271	 0.298138
 21.688551	 -19.069017	 -8.345030	 0.785624	 0.776299	 0.298150
 21.689336	 -19.068241	 -8.344731	 0.785592	 0.776327	 0.298162
 21.690122	 -19.067465	 -8.344433	 0.785561	 0.776354	 0.298175
 21.690908	 -19.066688	 -8.344135	 0.785529	 0.776382	 0.298187
 21.691693	 -19.065912	 -8.343837	 0.785498	 0.776410	 0.298199
 21.692479	 -19.065135	 -8.343539	 0.785466	 0.776438	 0.298211
 21.693264	 -19.064359	 -8.343240	 0.785435	 0.776465	 0.298223
 21.694050	 -19.063583	 -8.342942	 0.785403	 0.776493	 0.298235
 21.694835	 -19.062806	 -8.342644	 0.785372	 0.776521	 0.298247
 21.695620	 -19.062030	 -8.342346	 0.785340	 0.776548	 0.298259
 21.696406	 -19.061253	 -8.342047	 0.785309	 0.776576	 0.298272
 21.697191	 -19.060476	 -8.341749	 0.785277	 0.776604	 0.298284
 21.697976	 -19.059700	 -8.341451	 0.785245	 0.776631	 0.298296
 21.698762	 -19.058923	 -8.341153	 0.785214	 0.776659	 0.298308
 21.699547	 -19.058146	 -8.340854	 0.785182	 0.776687	 0.298320
 21.700332	 -19.057370	 -8.340556	 0.785151	 0.776715	 0.298332
 21.701117	 -19.056593	 -8.340258	 0.785119	 0.776742	 0.298344
 21.701902	 -19.055816	 -8.339959	 0.785088	 0.776770	 0.298356
 21.702687	 -19.055040	 -8.339661	 0.785056	 0.776798	 0.298369
 21.703472	 -19.054263	 -8.339363	 0.785025	 0.776825	 0.298381
 21.704257	 -19.053486	 -8.339064	 0.784993	 0.776853	 0.298393
 21.705042	 -19.052709	 -8.338766	 0.784962	 0.776881	 0.298405
 21.705827	 -19.051932	 -8.338467	 0.784930	 0.776908	 0.298417
 21.706612	 -19.051155	 -8.338169	 0.784899	 0.776936	 0.298429
 21.707397	 -19.050378	 -8.337871	 0.784867	 0.776964	 0.298441
 21.708182	 -19.049601	 -8.337572	 0.784835	 0.776991	 0.298453
 21.708967	 -19.048824	 -8.337274	 0.784804	 0.777019	 0.298466
 21.709752	 -19.048047	 -8.336975	 0.784772	 0.777047	 0.298478
 21.710536	 -19.047270	 -8.336677	 0.784741	 0.777074	 0.298490
 21.711321	 -19.046493	 -8.336378	 0.784709	 0.777102	 0.298502
 21.712106	 -19.045716	 -8.336080	 0.784678	 0.777130	 0.298514
 21.712891	 -19.044939	 -8.335781	 0.784646	 0.777158	 0.298526
 21.713675	 -19.044162	 -8.335483	 0.784615	 0.777185	 0.298538
 21.714460	 -19.043385	 -8.335184	 0.784583	 0.777213	 0.298550
 21.715244	 -19.042607	 -8.334886	 0.784551	 0.777241	 0.298562
 21.716029	 -19.041830	 -8.334587	 0.784520	 0.777268	 0.298575
 21.716813	 -19.041053	 -8.334288	 0.784488	 0.777296	 0.298587
 21.717598	 -19.040276	 -8.333990	 0.784457	 0.777324	 0.298599
 21.718382	 -19.039498	 -8.333691	 0.784425	 0.777351	 0.298611
 21.719167	 -19.038721	 -8.333393	 0.784394	 0.777379	 0.298623
 21.719951	 -19.037944	 -8.333094	 0.784362	 0.777407	 0.298635
 21.720736	 -19.037166	 -8.332795	 0.784330	 0.777434	 0.298647
 21.721520	 -19.036389	 -8.332497	 0.784299	 0.777462	 0.298659
 21.722304	 -19.035611	 -8.332198	 0.784267	 0.777490	 0.298671
 21.723088	 -19.034834	 -8.331899	 0.784236	 0.777517	 0.298684
 21.723873	 -19.034056	 -8.331601	 0.784204	 0.777545	 0.298696
 21.724657	 -19.033279	 -8.331302	 0.784173	 0.777573	 0.298708
 21.725441	 -19.032501	 -8.331003	 0.784141	 0.777600	 0.298720
 21.726225	 -19.031724	 -8.330705	 0.784109	 0.777628	 0.298732
 21.727009	 -19.030946	 -8.330406	 0.784078	 0.777656	 0.298744
 21.727793	 -19.030168	 -8.330107	 0.784046	 0.777683	 0.298756
 21.728577	 -19.029391	 -8.329808	 0.784015	 0.777711	 0.298768
 21.729361	 -19.028613	 -8.329510	 0.783983	 0.777739	 0.298780
 21.730145	 -19.027835	 -8.329211	 0.783952	 0.777766	 0.298793
 21.730929	 -19.027057	 -8.328912	 0.783920	 0.777794	 0.298805
 21.731713	 -19.026280	 -8.328613	 0.783888	 0.777822	 0.298817
 21.732497	 -19.025502	 -8.328314	 0.783857	 0.777849	 0.298829
 21.733281	 -19.024724	 -8.328016	 0.783825	 0.777877	 0.298841
 21.734065	 -19.023946	 -8.327717	 0.783794	 0.777904	 0.298853
 21.734849	 -19.023168	 -8.327418	 0.783762	 0.777932	 0.298865
 21.735632	 -19.022390	 -8.327119	 0.783731	 0.777960	 0.298877
 21.736416	 -19.021612	 -8.326820	 0.783699	 0.777987	 0.298889
 21.737200	 -19.020834	 -8.326521	 0.783667	 0.778015	 0.298901
 21.737984	 -19.020056	 -8.326222	 0.783636	 0.778043	 0.298914
 21.738767	 -19.019278	 -8.325923	 0.783604	 0.778070	 0.298926
 21.739551	 -19.018500	 -8.325625	 0.783573	 0.778098	 0.298938
 21.740334	 -19.017722	 -8.325326	 0.783541	 0.778126	 0.298950
 21.741118	 -19.016944	 -8.325027	 0.783509	 0.778153	 0.298962
 21.741901	 -19.016166	 -8.324728	 0.783478	 0.778181	 0.298974
 21.742685	 -19.015388	 -8.324429	 0.783446	 0.778209	 0.298986
 21.743468	 -19.014609	 -8.324130	 0.783415	 0.778236	 0.298998
 21.744252	 -19.013831	 -8.323831	 0.783383	 0.778264	 0.299010
 21.745035	 -19.013053	 -8.323532	 0.783351	 0.778291	 0.299022
 21.745818	 -19.012275	 -8.323233	 0.783320	 0.778319	 0.299035
 21.746602	 -19.011496	 -8.322934	 0.783288	 0.778347	 0.299047
 21.747385	 -19.010718	 -8.322635	 0.783257	 0.778374	 0.299059
 21.748168	 -19.009940	 -8.322336	 0.783225	 0.778402	 0.299071
 21.748952	 -19.009161	 -8.322037	 0.783193	 0.778430	 0.299083
 21.749735	 -19.008383	 -8.321737	 0.783162	 0.778457	 0.299095
 21.750518	 -19.007604	 -8.321438	 0.783130	 0.778485	 0.299107
 21.751301	 -19.006826	 -8.321139	 0.783098	 0.778512	 0.299119
 21.752084	 -19.006047	 -8.320840	 0.783067	 0.778540	 0.299131
 21.752867	 -19.005269	 -8.320541	 0.783035	 0.778568	 0.299143
 21.753650	 -19.004490	 -8.320242	 0.783004	 0.778595	 0.299156
 21.754433	 -19.003712	 -8.319943	 0.782972	 0.778623	 0.299168
 21.755216	 -19.002933	 -8.319643	 0.782940	 0.778651	 0.299180
 21.755999	 -19.002154	 -8.319344	 0.782909	 0.778678	 0.299192
 21.756782	 -19.001376	 -8.319045	 0.782877	 0.778706	 0.299204
 21.757565	 -19.000597	 -8.318746	 0.782846	 0.778733	 0.299216
 21.758348	 -18.999818	 -8.318447	 0.782814	 0.778761	 0.299228
 21.759131	 -18.999039	 -8.318147	 0.782782	 0.778789	 0.299240
 21.759913	 -18.998261	 -8.317848	 0.782751	 0.778816	 0.299252
 21.760696	 -18.997482	 -8.317549	 0.782719	 0.778844	 0.299264
 21.761479	 -18.996703	 -8.317250	 0.782687	 0.778872	 0.299276
 21.762262	 -18.995924	 -8.316950	 0.782656	 0.778899	 0.299289
 21.763044	 -18.995145	 -8.316651	 0.782624	 0.778927	 0.299301
 21.763827	 -18.994366	 -8.316352	 0.782593	 0.778954	 0.299313
 21.764609	 -18.993587	 -8.316053	 0.782561	 0.778982	 0.299325
 21.765392	 -18.992808	 -8.315753	 0.782529	 0.779010	 0.299337
 21.766175	 -18.992029	 -8.315454	 0.782498	 0.779037	 0.299349
 21.766957	 -18.991250	 -8.315155	 0.782466	 0.779065	 0.299361
 21.767739	 -18.990471	 -8.314855	 0.782434	 0.779092	 0.299373
 21.768522	 -18.989692	 -8.314556	 0.782403	 0.779120	 0.299385
 21.769304	 -18.988913	 -8.314256	 0.782371	 0.779148	 0.299397
 21.770087	 -18.988134	 -8.313957	 0.782339	 0.779175	 0.299409
 21.770869	 -18.987355	 -8.313658	 0.782308	 0.779203	 0.299421
 21.771651	 -18.986575	 -8.313358	 0.782276	 0.779230	 0.299434
 21.772434	 -18.985796	 -8.313059	 0.782245	 0.779258	 0.299446
 21.773216	 -18.985017	 -8.312759	 0.782213	 0.779286	 0.299458
 21.773998	 -18.984238	 -8.312460	 0.782181	 0.779313	 0.299470
 21.774780	 -18.983458	 -8.312160	 0.782150	 0.779341	 0.299482
 21.775562	 -18.982679	 -8.311861	 0.782118	 0.779368	 0.299494
 21.776345	 -18.981900	 -8.311561	 0.782086	 0.779396	 0.299506
 21.777127	 -18.981120	 -8.311262	 0.782055	 0.779423	 0.299518
 21.777909	 -18.980341	 -8.310962	 0.782023	 0.779451	 0.299530
 21.778691	 -18.979561	 -8.310663	 0.781991	 0.779479	 0.299542
 21.779473	 -18.978782	 -8.310363	 0.781960	 0.779506	 0.299554
 21.780255	 -18.978002	 -8.310064	 0.781928	 0.779534	 0.299566
 21.781037	 -18.977223	 -8.309764	 0.781896	 0.779561	 0.299578
 21.781818	 -18.976443	 -8.309465	 0.781865	 0.779589	 0.299591
 21.782600	 -18.975664	 -8.309165	 0.781833	 0.779617	 0.299603
 21.783382	 -18.974884	 -8.308865	 0.781801	 0.779644	 0.299615
 21.784164	 -18.974105	 -8.308566	 0.781770	 0.779672	 0.299627
 21.784946	 -18.973325	 -8.308266	 0.781738	 0.779699	 0.299639
 21.785727	 -18.972545	 -8.307967	 0.781706	 0.779727	 0.299651
 21.786509	 -18.971765	 -8.307667	 0.781675	 0.779754	 0.299663
 21.787291	 -18.970986	 -8.307367	 0.781643	 0.779782	 0.299675
 21.788072	 -18.970206	 -8.307068	 0.781611	 0.779810	 0.299687
 21.788854	 -18.969426	 -8.306768	 0.781580	 0.779837	 0.299699
 21.789636	 -18.968646	 -8.306468	 0.781548	 0.779865	 0.299711
 21.790417	 -18.967866	 -8.306168	 0.781516	 0.779892	 0.299723
 21.791199	 -18.967086	 -8.305869	 0.781485	 0.779920	 0.299735
 21.791980	 -18.966307	 -8.305569	 0.781453	 0.779947	 0.299748
 21.792762	 -18.965527	 -8.305269	 0.781421	 0.779975	 0.299760
 21.793543	 -18.964747	 -8.304969	 0.781390	 0.780003	 0.299772
 21.794324	 -18.963967	 -8.304670	 0.781358	 0.780030	 0.299784
 21.795106	 -18.963187	 -8.304370	 0.781326	 0.780058	 0.299796
 21.795887	 -18.962407	 -8.304070	 0.781295	 0.780085	 0.299808
 21.796668	 -18.961626	 -8.303770	 0.781263	 0.780113	 0.299820
 21.797450	 -18.960846	 -8.303471	 0.781231	 0.780140	 0.299832
 21.798231	 -18.960066	 -8.303171	 0.781200	 0.780168	 0.299844
 21.799012	 -18.959286	 -8.302871	 0.781168	 0.780196	 0.299856
 21.799793	 -18.958506	 -8.302571	 0.781136	 0.780223	 0.299868
 21.800574	 -18.957726	 -8.302271	 0.781105	 0.780251	 0.299880
 21.801356	 -18.956945	 -8.301971	 0.781073	 0.780278	 0.299892
 21.802137	 -18.956165	 -8.301671	 0.781041	 0.780306	 0.299904
 21.802918	 -18.955385	 -8.301371	 0.781010	 0.780333	 0.299917
 21.803699	 -18.954604	 -8.301072	 0.780978	 0.780361	 0.299929
 21.804480	 -18.953824	 -8.300772	 0.780946	 0.780388	 0.299941
 21.805261	 -18.953044	 -8.300472	 0.780914	 0.780416	 0.299953
 21.806042	 -18.952263	 -8.300172	 0.780883	 0.780443	 0.299965
 21.806822	 -18.951483	 -8.299872	 0.780851	 0.780471	 0.299977
 21.807603	 -18.950702	 -8.299572	 0.780819	 0.780499	 0.299989
 21.808384	 -18.949922	 -8.299272	 0.780788	 0.780526	 0.300001
 21.809165	 -18.949141	 -8.298972	 0.780756	 0.780554	 0.300013
 21.809946	 -18.948361	 -8.298672	 0.780724	 0.780581	 0.300025
 21.810726	 -18.947580	 -8.298372	 0.780693	 0.780609	 0.300037
 21.811507	 -18.946800	 -8.298072	 0.780661	 0.780636	 0.300049
 21.812288	 -18.946019	 -8.297772	 0.780629	 0.780664	 0.300061
 21.813068	 -18.945238	 -8.297472	 0.780597	 0.780691	 0.300073
 21.813849	 -18.944458	 -8.297171	 0.780566	 0.780719	 0.300085
 21.814630	 -18.943677	 -8.296871	 0.780534	 0.780746	 0.300097
 21.815410	 -18.942896	 -8.296571	 0.780502	 0.780774	 0.300110
 21.816191	 -18.942115	 -8.296271	 0.780471	 0.780802	 0.300122
 21.816971	 -18.941335	 -8.295971	 0.780439	 0.780829	 0.300134
 21.817751	 -18.940554	 -8.295671	 0.780407	 0.780857	 0.300146
 21.818532	 -18.939773	 -8.295371	 0.780376	 0.780884	 0.300158
 21.819312	 -18.938992	 -8.295071	 0.780344	 0.780912	 0.300170
 21.820093	 -18.938211	 -8.294770	 0.780312	 0.780939	 0.300182
 21.820873	 -18.937430	 -8.294470	 0.780280	 0.780967	 0.300194
 21.821653	 -18.936649	 -8.294170	 0.780249	 0.780994	 0.300206
 21.822433	 -18.935868	 -8.293870	 0.780217	 0.781022	 0.300218
 21.823214	 -18.935087	 -8.293570	 0.780185	 0.781049	 0.300230
 21.823994	 -18.934306	 -8.293269	 0.780153	 0.781077	 0.300242
 21.824774	 -18.933525	 -8.292969	 0.780122	 0.781104	 0.300254
 21.825554	 -18.932744	 -8.292669	 0.780090	 0.781132	 0.300266
 21.826334	 -18.931963	 -8.292369	 0.780058	 0.781159	 0.300278
 21.827114	 -18.931182	 -8.292068	 0.780027	 0.781187	 0.300290
 21.827894	 -18.930400	 -8.291768	 0.779995	 0.781214	 0.300302
 21.828674	 -18.929619	 -8.291468	 0.779963	 0.781242	 0.300314
 21.829454	 -18.928838	 -8.291167	 0.779931	 0.781269	 0.300327
 21.830234	 -18.928057	 -8.290867	 0.779900	 0.781297	 0.300339
 21.831014	 -18.927275	 -8.290567	 0.779868	 0.781324	 0.300351
 21.831794	 -18.926494	 -8.290266	 0.779836	 0.781352	 0.300363
 21.832574	 -18.925713	 -8.289966	 0.779804	 0.781379	 0.300375
 21.833354	 -18.924931	 -8.289666	 0.779773	 0.781407	 0.300387
 21.834133	 -18.924150	 -8.289365	 0.779741	 0.781434	 0.300399
 21.834913	 -18.923369	 -8.289065	 0.779709	 0.781462	 0.300411
 21.835693	 -18.922587	 -8.288765	 0.779678	 0.781489	 0.300423
 21.836472	 -18.921806	 -8.288464	 0.779646	 0.781517	 0.300435
 21.837252	 -18.921024	 -8.288164	 0.779614	 0.781544	 0.300447
 21.838032	 -18.920243	 -8.287863	 0.779582	 0.781572	 0.300459
 21.838811	 -18.919461	 -8.287563	 0.779551	 0.781599	 0.300471
 21.839591	 -18.918679	 -8.287262	 0.779519	 0.781627	 0.300483
 21.840370	 -18.917898	 -8.286962	 0.779487	 0.781654	 0.300495
 21.841150	 -18.917116	 -8.286661	 0.779455	 0.781682	 0.300507
 21.841929	 -18.916334	 -8.286361	 0.779424	 0.781709	 0.300519
 21.842709	 -18.915553	 -8.286060	 0.779392	 0.781737	 0.300531
 21.843488	 -18.914771	 -8.285760	 0.779360	 0.781764	 0.300543
 21.844268	 -18.913989	 -8.285459	 0.779328	 0.781792	 0.300555
 21.845047	 -18.913207	 -8.285159	 0.779297	 0.781819	 0.300567
 21.845826	 -18.912426	 -8.284858	 0.779265	 0.781847	 0.300579
 21.846605	 -18.911644	 -8.284558	 0.779233	 0.781874	 0.300592
 21.847385	 -18.910862	 -8.284257	 0.779201	 0.781902	 0.300604
 21.848164	 -18.910080	 -8.283956	 0.779170	 0.781929	 0.300616
 21.848943	 -18.909298	 -8.283656	 0.779138	 0.781957	 0.300628
 21.849722	 -18.908516	 -8.283355	 0.779106	 0.781984	 0.300640
 21.850501	 -18.907734	 -8.283054	 0.779074	 0.782012	 0.300652
 21.851280	 -18.906952	 -8.282754	 0.779043	 0.782039	 0.300664
 21.852059	 -18.906170	 -8.282453	 0.779011	 0.782067	 0.300676
 21.852838	 -18.905388	 -8.282152	 0.778979	 0.782094	 0.300688
 21.853617	 -18.904606	 -8.281852	 0.778947	 0.782122	 0.300700
 21.854396	 -18.903824	 -8.281551	 0.778916	 0.782149	 0.300712
 21.855175	 -18.903042	 -8.281250	 0.778884	 0.782177	 0.300724
 21.855954	 -18.902259	 -8.280950	 0.778852	 0.782204	 0.300736
 21.856733	 -18.901477	 -8.280649	 0.778820	 0.782232	 0.300748
 21.857512	 -18.900695	 -8.280348	 0.778788	 0.782259	 0.300760
 21.858291	 -18.899913	 -8.280047	 0.778757	 0.782287	 0.300772
 21.859069	 -18.899130	 -8.279747	 0.778725	 0.782314	 0.300784
 21.859848	 -18.898348	 -8.279446	 0.778693	 0.782342	 0.300796
 21.860627	 -18.897566	 -8.279145	 0.778661	 0.782369	 0.300808
 21.861405	 -18.896783	 -8.278844	 0.778630	 0.782397	 0.300820
 21.862184	 -18.896001	 -8.278543	 0.778598	 0.782424	 0.300832
 21.862963	 -18.895219	 -8.278243	 0.778566	 0.782451	 0.300844
 21.863741	 -18.894436	 -8.277942	 0.778534	 0.782479	 0.300856
 21.864520	 -18.893654	 -8.277641	 0.778502	 0.782506	 0.300868
 21.865298	 -18.892871	 -8.277340	 0.778471	 0.782534	 0.300880
 21.866077	 -18.892089	 -8.277039	 0.778439	 0.782561	 0.300892
 21.866855	 -18.891306	 -8.276738	 0.778407	 0.782589	 0.300904
 21.867634	 -18.890523	 -8.276437	 0.778375	 0.782616	 0.300917
 21.868412	 -18.889741	 -8.276136	 0.778344	 0.782644	 0.300929
 21.869190	 -18.888958	 -8.275835	 0.778312	 0.782671	 0.300941
 21.869969	 -18.888176	 -8.275535	 0.778280	 0.782699	 0.300953
 21.870747	 -18.887393	 -8.275234	 0.778248	 0.782726	 0.300965
 21.871525	 -18.886610	 -8.274933	 0.778216	 0.782754	 0.300977
 21.872303	 -18.885827	 -8.274632	 0.778185	 0.782781	 0.300989
 21.873082	 -18.885045	 -8.274331	 0.778153	 0.782808	 0.301001
 21.873860	 -18.884262	 -8.274030	 0.778121	 0.782836	 0.301013
 21.874638	 -18.883479	 -8.273729	 0.778089	 0.782863	 0.301025
 21.875416	 -18.882696	 -8.273428	 0.778057	 0.782891	 0.301037
 21.876194	 -18.881913	 -8.273127	 0.778026	 0.782918	 0.301049
 21.876972	 -18.881130	 -8.272826	 0.777994	 0.782946	 0.301061
 21.877750	 -18.880347	 -8.272524	 0.777962	 0.782973	 0.301073
 21.878528	 -18.879564	 -8.272223	 0.777930	 0.783001	 0.301085
 21.879306	 -18.878781	 -8.271922	 0.777898	 0.783028	 0.301097
 21.880084	 -18.877998	 -8.271621	 0.777867	 0.783055	 0.301109
 21.880862	 -18.877215	 -8.271320	 0.777835	 0.783083	 0.301121
 21.881639	 -18.876432	 -8.271019	 0.777803	 0.783110	 0.301133
 21.882417	 -18.875649	 -8.270718	 0.777771	 0.783138	 0.301145
 21.883195	 -18.874866	 -8.270417	 0.777739	 0.783165	 0.301157
 21.883973	 -18.874083	 -8.270116	 0.777708	 0.783193	 0.301169
 21.884750	 -18.873300	 -8.269814	 0.777676	 0.783220	 0.301181
 21.885528	 -18.872516	 -8.269513	 0.777644	 0.783248	 0.301193
 21.886306	 -18.871733	 -8.269212	 0.777612	 0.783275	 0.301205
 21.887083	 -18.870950	 -8.268911	 0.777580	 0.783302	 0.301217
 21.887861	 -18.870167	 -8.268610	 0.777549	 0.783330	 0.301229
 21.888639	 -18.869383	 -8.268308	 0.777517	 0.783357	 0.301241
 21.889416	 -18.868600	 -8.268007	 0.777485	 0.783385	 0.301253
 21.890194	 -18.867816	 -8.267706	 0.777453	 0.783412	 0.301265
 21.890971	 -18.867033	 -8.267405	 0.777421	 0.783440	 0.301277
 21.891748	 -18.866250	 -8.267103	 0.777389	 0.783467	 0.301289
 21.892526	 -18.865466	 -8.266802	 0.777358	 0.783494	 0.301301
 21.893303	 -18.864683	 -8.266501	 0.777326	 0.783522	 0.301313
 21.894080	 -18.863899	 -8.266199	 0.777294	 0.783549	 0.301325
 21.894858	 -18.863116	 -8.265898	 0.777262	 0.783577	 0.301337
 21.895635	 -18.862332	 -8.265597	 0.777230	 0.783604	 0.301349
 21.896412	 -18.861548	 -8.265295	 0.777198	 0.783631	 0.301361
 21.897189	 -18.860765	 -8.264994	 0.777167	 0.783659	 0.301373
 21.897967	 -18.859981	 -8.264693	 0.777135	 0.783686	 0.301385
 21.898744	 -18.859197	 -8.264391	 0.777103	 0.783714	 0.301397
 21.899521	 -18.858414	 -8.264090	 0.777071	 0.783741	 0.301409
 21.900298	 -18.857630	 -8.263788	 0.777039	 0.783769	 0.301421
 21.901075	 -18.856846	 -8.263487	 0.777007	 0.783796	 0.301433
 21.901852	 -18.856062	 -8.263186	 0.776976	 0.783823	 0.301445
 21.902629	 -18.855279	 -8.262884	 0.776944	 0.783851	 0.301457
 21.903406	 -18.854495	 -8.262583	 0.776912	 0.783878	 0.301469
 21.904183	 -18.853711	 -8.262281	 0.776880	 0.783906	 0.301481
 21.904960	 -18.852927	 -8.261980	 0.776848	 0.783933	 0.301493
 21.905737	 -18.852143	 -8.261678	 0.776816	 0.783960	 0.301506
 21.906513	 -18.851359	 -8.261377	 0.776785	 0.783988	 0.301518
 21.907290	 -18.850575	 -8.261075	 0.776753	 0.784015	 0.301530
 21.908067	 -18.849791	 -8.260774	 0.776721	 0.784043	 0.301542
 21.908844	 -18.849007	 -8.260472	 0.776689	 0.784070	 0.301554
 21.909620	 -18.848223	 -8.260171	 0.776657	 0.784097	 0.301566
 21.910397	 -18.847439	 -8.259869	 0.776625	 0.784125	 0.301578
 21.911174	 -18.846655	 -8.259567	 0.776594	 0.784152	 0.301590
 21.911950	 -18.845871	 -8.259266	 0.776562	 0.784180	 0.301602
 21.912727	 -18.845086	 -8.258964	 0.776530	 0.784207	 0.301614
 21.913503	 -18.844302	 -8.258663	 0.776498	 0.784234	 0.301626
 21.914280	 -18.843518	 -8.258361	 0.776466	 0.784262	 0.301638
 21.915056	 -18.842734	 -8.258059	 0.776434	 0.784289	 0.301650
 21.915833	 -18.841949	 -8.257758	 0.776402	 0.784317	 0.301662
 21.916609	 -18.841165	 -8.257456	 0.776371	 0.784344	 0.301674
 21.917385	 -18.840381	 -8.257154	 0.776339	 0.784371	 0.301686
 21.918162	 -18.839596	 -8.256853	 0.776307	 0.784399	 0.301698
 21.918938	 -18.838812	 -8.256551	 0.776275	 0.784426	 0.301710
 21.919714	 -18.838028	 -8.256249	 0.776243	 0.784454	 0.301722
 21.920491	 -18.837243	 -8.255948	 0.776211	 0.784481	 0.301734
 21.921267	 -18.836459	 -8.255646	 0.776179	 0.784508	 0.301746
 21.922043	 -18.835674	 -8.255344	 0.776147	 0.784536	 0.301758
 21.922819	 -18.834890	 -8.255042	 0.776116	 0.784563	 0.301770
 21.923595	 -18.834105	 -8.254741	 0.776084	 0.784590	 0.301782
 21.924371	 -18.833320	 -8.254439	 0.776052	 0.784618	 0.301794
 21.925147	 -18.832536	 -8.254137	 0.776020	 0.784645	 0.301806
 21.925923	 -18.831751	 -8.253835	 0.775988	 0.784673	 0.301818
 21.926699	 -18.830966	 -8.253533	 0.775956	 0.784700	 0.301830
 21.927475	 -18.830182	 -8.253232	 0.775924	 0.784727	 0.301842
 21.928251	 -18.829397	 -8.252930	 0.775893	 0.784755	 0.301854
 21.929027	 -18.828612	 -8.252628	 0.775861	 0.784782	 0.301866
 21.929803	 -18.827827	 -8.252326	 0.775829	 0.784809	 0.301878
 21.930579	 -18.827043	 -8.252024	 0.775797	 0.784837	 0.301890
 21.931355	 -18.826258	 -8.251722	 0.775765	 0.784864	 0.301902
 21.932130	 -18.825473	 -8.251420	 0.775733	 0.784892	 0.301914
 21.932906	 -18.824688	 -8.251118	 0.775701	 0.784919	 0.301926
 21.933682	 -18.823903	 -8.250817	 0.775669	 0.784946	 0.301938
 21.934458	 -18.823118	 -8.250515	 0.775637	 0.784974	 0.301950
 21.935233	 -18.822333	 -8.250213	 0.775606	 0.785001	 0.301962
 21.936009	 -18.821548	 -8.249911	 0.775574	 0.785028	 0.301974
 21.936784	 -18.820763	 -8.249609	 0.775542	 0.785056	 0.301986
 21.937560	 -18.819978	 -8.249307	 0.775510	 0.785083	 0.301998
 21.938335	 -18.819193	 -8.249005	 0.775478	 0.785110	 0.302010
 21.939111	 -18.818408	 -8.248703	 0.775446	 0.785138	 0.302022
 21.939886	 -18.817623	 -8.248401	 0.775414	 0.785165	 0.302034
 21.940662	 -18.816838	 -8.248099	 0.775382	 0.785192	 0.302046
 21.941437	 -18.816052	 -8.247797	 0.775350	 0.785220	 0.302057
 21.942212	 -18.815267	 -8.247495	 0.775319	 0.785247	 0.302069
 21.942988	 -18.814482	 -8.247192	 0.775287	 0.785275	 0.302081
 21.943763	 -18.813697	 -8.246890	 0.775255	 0.785302	 0.302093
 21.944538	 -18.812911	 -8.246588	 0.775223	 0.785329	 0.302105
 21.945314	 -18.812126	 -8.246286	 0.775191	 0.785357	 0.302117
 21.946089	 -18.811341	 -8.245984	 0.775159	 0.785384	 0.302129
 21.946864	 -18.810555	 -8.245682	 0.775127	 0.785411	 0.302141
 21.947639	 -18.809770	 -8.245380	 0.775095	 0.785439	 0.302153
 21.948414	 -18.808984	 -8.245078	 0.775063	 0.785466	 0.302165
 21.949189	 -18.808199	 -8.244775	 0.775031	 0.785493	 0.302177
 21.949964	 -18.807414	 -8.244473	 0.775000	 0.785521	 0.302189
 21.950739	 -18.806628	 -8.244171	 0.774968	 0.785548	 0.302201
 21.951514	 -18.805842	 -8.243869	 0.774936	 0.785575	 0.302213
 21.952289	 -18.805057	 -8.243567	 0.774904	 0.785603	 0.302225
 21.953064	 -18.804271	 -8.243264	 0.774872	 0.785630	 0.302237
 21.953839	 -18.803486	 -8.242962	 0.774840	 0.785657	 0.302249
 21.954614	 -18.802700	 -8.242660	 0.774808	 0.785685	 0.302261
 21.955389	 -18.801914	 -8.242358	 0.774776	 0.785712	 0.302273
 21.956163	 -18.801129	 -8.242055	 0.774744	 0.785739	 0.302285
 21.956938	 -18.800343	 -8.241753	 0.774712	 0.785767	 0.302297
 21.957713	 -18.799557	 -8.241451	 0.774680	 0.785794	 0.302309
 21.958487	 -18.798771	 -8.241149	 0.774648	 0.785821	 0.302321
 21.959262	 -18.797985	 -8.240846	 0.774617	 0.785849	 0.302333
 21.960037	 -18.797200	 -8.240544	 0.774585	 0.785876	 0.302345
 21.960811	 -18.796414	 -8.240242	 0.774553	 0.785903	 0.302357
 21.961586	 -18.795628	 -8.239939	 0.774521	 0.785931	 0.302369
 21.962360	 -18.794842	 -8.239637	 0.774489	 0.785958	 0.302381
 21.963135	 -18.794056	 -8.239334	 0.774457	 0.785985	 0.302393
 21.963909	 -18.793270	 -8.239032	 0.774425	 0.786013	 0.302405
 21.964684	 -18.792484	 -8.238730	 0.774393	 0.786040	 0.302417
 21.965458	 -18.791698	 -8.238427	 0.774361	 0.786067	 0.302429
 21.966233	 -18.790912	 -8.238125	 0.774329	 0.786095	 0.302441
 21.967007	 -18.790126	 -8.237822	 0.774297	 0.786122	 0.302453
 21.967781	 -18.789340	 -8.237520	 0.774265	 0.786149	 0.302465
 21.968555	 -18.788553	 -8.237217	 0.774233	 0.786177	 0.302477
 21.969330	 -18.787767	 -8.236915	 0.774201	 0.786204	 0.302489
 21.970104	 -18.786981	 -8.236612	 0.774170	 0.786231	 0.302501
 21.970878	 -18.786195	 -8.236310	 0.774138	 0.786258	 0.302513
 21.971652	 -18.785409	 -8.236007	 0.774106	 0.786286	 0.302525
 21.972426	 -18.784622	 -8.235705	 0.774074	 0.786313	 0.302537
 21.973200	 -18.783836	 -8.235402	 0.774042	 0.786340	 0.302549
 21.973974	 -18.783050	 -8.235100	 0.774010	 0.786368	 0.302561
 21.974748	 -18.782263	 -8.234797	 0.773978	 0.786395	 0.302573
 21.975522	 -18.781477	 -8.234495	 0.773946	 0.786422	 0.302585
 21.976296	 -18.780690	 -8.234192	 0.773914	 0.786450	 0.302597
 21.977070	 -18.779904	 -8.233890	 0.773882	 0.786477	 0.302609
 21.977844	 -18.779118	 -8.233587	 0.773850	 0.786504	 0.302621
 21.978618	 -18.778331	 -8.233284	 0.773818	 0.786532	 0.302633
 21.979392	 -18.777545	 -8.232982	 0.773786	 0.786559	 0.302644
 21.980166	 -18.776758	 -8.232679	 0.773754	 0.786586	 0.302656
 21.980939	 -18.775971	 -8.232376	 0.773722	 0.786613	 0.302668
 21.981713	 -18.775185	 -8.232074	 0.773690	 0.786641	 0.302680
 21.982487	 -18.774398	 -8.231771	 0.773658	 0.786668	 0.302692
 21.983260	 -18.773611	 -8.231468	 0.773626	 0.786695	 0.302704
 21.984034	 -18.772825	 -8.231166	 0.773594	 0.786723	 0.302716
 21.984808	 -18.772038	 -8.230863	 0.773563	 0.786750	 0.302728
 21.985581	 -18.771251	 -8.230560	 0.773531	 0.786777	 0.302740
 21.986355	 -18.770465	 -8.230257	 0.773499	 0.786804	 0.302752
 21.987128	 -18.769678	 -8.229955	 0.773467	 0.786832	 0.302764
 21.987902	 -18.768891	 -8.229652	 0.773435	 0.786859	 0.302776
 21.988675	 -18.768104	 -8.229349	 0.773403	 0.786886	 0.302788
 21.989448	 -18.767317	 -8.229046	 0.773371	 0.786914	 0.302800
 21.990222	 -18.766530	 -8.228744	 0.773339	 0.786941	 0.302812
 21.990995	 -18.765743	 -8.228441	 0.773307	 0.786968	 0.302824
 21.991769	 -18.764956	 -8.228138	 0.773275	 0.786995	 0.302836
 21.992542	 -18.764169	 -8.227835	 0.773243	 0.787023	 0.302848
 21.993315	 -18.763382	 -8.227532	 0.773211	 0.787050	 0.302860
 21.994088	 -18.762595	 -8.227229	 0.773179	 0.787077	 0.302872
 21.994861	 -18.761808	 -8.226927	 0.773147	 0.787105	 0.302884
 21.995635	 -18.761021	 -8.226624	 0.773115	 0.787132	 0.302896
 21.996408	 -18.760234	 -8.226321	 0.773083	 0.787159	 0.302908
 21.997181	 -18.759447	 -8.226018	 0.773051	 0.787186	 0.302920
 21.997954	 -18.758660	 -8.225715	 0.773019	 0.787214	 0.302932
 21.998727	 -18.757872	 -8.225412	 0.772987	 0.787241	 0.302944
 21.999500	 -18.757085	 -8.225109	 0.772955	 0.787268	 0.302956
 22.000273	 -18.756298	 -8.224806	 0.772923	 0.787295	 0.302967
 22.001046	 -18.755511	 -8.224503	 0.772891	 0.787323	 0.302979
 22.001819	 -18.754723	 -8.224200	 0.772859	 0.787350	 0.302991
 22.002591	 -18.753936	 -8.223897	 0.772827	 0.787377	 0.303003
 22.003364	 -18.753149	 -8.223594	 0.772795	 0.787405	 0.303015
 22.004137	 -18.752361	 -8.223291	 0.772763	 0.787432	 0.303027
 22.004910	 -18.751574	 -8.222988	 0.772731	 0.787459	 0.303039
 22.005683	 -18.750786	 -8.222685	 0.772699	 0.787486	 0.303051
 22.006455	 -18.749999	 -8.222382	 0.772667	 0.787514	 0.303063
 22.007228	 -18.749211	 -8.222079	 0.772635	 0.787541	 0.303075
 22.008001	 -18.748424	 -8.221776	 0.772603	 0.787568	 0.303087
 22.008773	 -18.747636	 -8.221473	 0.772571	 0.787595	 0.303099
 22.009546	 -18.746849	 -8.221170	 0.772539	 0.787623	 0.303111
 22.010318	 -18.746061	 -8.220867	 0.772507	 0.787650	 0.303123
 22.011091	 -18.745273	 -8.220563	 0.772475	 0.787677	 0.303135
 22.011863	 -18.744486	 -8.220260	 0.772443	 0.787704	 0.303147
 22.012636	 -18.743698	 -8.219957	 0.772411	 0.787732	 0.303159
 22.013408	 -18.742910	 -8.219654	 0.772379	 0.787759	 0.303171
 22.014180	 -18.742122	 -8.219351	 0.772347	 0.787786	 0.303183
 22.014953	 -18.741335	 -8.219048	 0.772315	 0.787813	 0.303195
 22.015725	 -18.740547	 -8.218744	 0.772283	 0.787841	 0.303207
 22.016497	 -18.739759	 -8.218441	 0.772251	 0.787868	 0.303218
 22.017270	 -18.738971	 -8.218138	 0.772219	 0.787895	 0.303230
 22.018042	 -18.738183	 -8.217835	 0.772187	 0.787922	 0.303242
 22.018814	 -18.737395	 -8.217532	 0.772155	 0.787950	 0.303254
 22.019586	 -18.736607	 -8.217228	 0.772123	 0.787977	 0.303266
 22.020358	 -18.735819	 -8.216925	 0.772091	 0.788004	 0.303278
 22.021130	 -18.735031	 -8.216622	 0.772059	 0.788031	 0.303290
 22.021903	 -18.734243	 -8.216318	 0.772027	 0.788059	 0.303302
 22.022675	 -18.733455	 -8.216015	 0.771995	 0.788086	 0.303314
 22.023447	 -18.732667	 -8.215712	 0.771963	 0.788113	 0.303326
 22.024219	 -18.731879	 -8.215409	 0.771931	 0.788140	 0.303338
 22.024990	 -18.731091	 -8.215105	 0.771899	 0.788167	 0.303350
 22.025762	 -18.730303	 -8.214802	 0.771867	 0.788195	 0.303362
 22.026534	 -18.729515	 -8.214498	 0.771835	 0.788222	 0.303374
 22.027306	 -18.728726	 -8.214195	 0.771803	 0.788249	 0.303386
 22.028078	 -18.727938	 -8.213892	 0.771771	 0.788276	 0.303398
 22.028850	 -18.727150	 -8.213588	 0.771739	 0.788304	 0.303410
 22.029621	 -18.726361	 -8.213285	 0.771707	 0.788331	 0.303422
 22.030393	 -18.725573	 -8.212982	 0.771675	 0.788358	 0.303433
 22.031165	 -18.724785	 -8.212678	 0.771643	 0.788385	 0.303445
 22.031936	 -18.723996	 -8.212375	 0.771611	 0.788412	 0.303457
 22.032708	 -18.723208	 -8.212071	 0.771579	 0.788440	 0.303469
 22.033480	 -18.722420	 -8.211768	 0.771547	 0.788467	 0.303481
 22.034251	 -18.721631	 -8.211464	 0.771515	 0.788494	 0.303493
 22.035023	 -18.720843	 -8.211161	 0.771483	 0.788521	 0.303505
 22.035794	 -18.720054	 -8.210857	 0.771451	 0.788549	 0.303517
 22.036566	 -18.719266	 -8.210554	 0.771419	 0.788576	 0.303529
 22.037337	 -18.718477	 -8.210250	 0.771387	 0.788603	 0.303541
 22.038108	 -18.717688	 -8.209947	 0.771355	 0.788630	 0.303553
 22.038880	 -18.716900	 -8.209643	 0.771323	 0.788657	 0.303565
 22.039651	 -18.716111	 -8.209340	 0.771290	 0.788685	 0.303577
