 -0.828165	 -1.180316	 -0.519001	 4.489885	 -2.067651	 -1.069700
 -0.823675	 -1.182384	 -0.520070	 4.498978	 -2.054691	 -1.064001
 -0.819176	 -1.184439	 -0.521134	 4.508031	 -2.041697	 -1.058285
 -0.814668	 -1.186480	 -0.522193	 4.517042	 -2.028668	 -1.052553
 -0.810151	 -1.188509	 -0.523245	 4.526011	 -2.015605	 -1.046803
 -0.805625	 -1.190524	 -0.524292	 4.534939	 -2.002507	 -1.041037
 -0.801090	 -1.192527	 -0.525333	 4.543825	 -1.989376	 -1.035254
 -0.796546	 -1.194516	 -0.526368	 4.552669	 -1.976210	 -1.029454
 -0.791993	 -1.196493	 -0.527398	 4.561471	 -1.963010	 -1.023638
 -0.787432	 -1.198456	 -0.528421	 4.570231	 -1.949777	 -1.017805
 -0.782862	 -1.200405	 -0.529439	 4.578948	 -1.936509	 -1.011955
 -0.778283	 -1.202342	 -0.530451	 4.587623	 -1.923208	 -1.006088
 -0.773695	 -1.204265	 -0.531457	 4.596255	 -1.909873	 -1.000205
 -0.769099	 -1.206175	 -0.532457	 4.604844	 -1.896505	 -0.994306
 -0.764494	 -1.208071	 -0.533452	 4.613389	 -1.883103	 -0.988389
 -0.759881	 -1.209955	 -0.534440	 4.621891	 -1.869667	 -0.982457
 -0.755259	 -1.211824	 -0.535423	 4.630350	 -1.856199	 -0.976508
 -0.750628	 -1.213680	 -0.536399	 4.638765	 -1.842697	 -0.970542
 -0.745990	 -1.215523	 -0.537370	 4.647136	 -1.829162	 -0.964560
 -0.741343	 -1.217352	 -0.538334	 4.655463	 -1.815594	 -0.958562
 -0.736687	 -1.219168	 -0.539293	 4.663745	 -1.801993	 -0.952547
 -0.732023	 -1.220970	 -0.540245	 4.671984	 -1.788359	 -0.946517
 -0.727351	 -1.222758	 -0.541192	 4.680177	 -1.774693	 -0.940469
 -0.722671	 -1.224533	 -0.542132	 4.688326	 -1.760994	 -0.934406
 -0.717983	 -1.226294	 -0.543067	 4.696430	 -1.747262	 -0.928327
 -0.713286	 -1.228041	 -0.543995	 4.704489	 -1.733498	 -0.922231
 -0.708582	 -1.229775	 -0.544917	 4.712502	 -1.719701	 -0.916120
 -0.703869	 -1.231494	 -0.545833	 4.720470	 -1.705873	 -0.909992
 -0.699149	 -1.233200	 -0.546743	 4.728392	 -1.692012	 -0.903849
 -0.694421	 -1.234892	 -0.547647	 4.736269	 -1.678119	 -0.897689
 -0.689684	 -1.236570	 -0.548545	 4.744099	 -1.664194	 -0.891514
 -0.684940	 -1.238235	 -0.549436	 4.751884	 -1.650237	 -0.885323
 -0.680188	 -1.239885	 -0.550322	 4.759621	 -1.636249	 -0.879116
 -0.675429	 -1.241521	 -0.551201	 4.767313	 -1.622229	 -0.872893
 -0.670661	 -1.243143	 -0.552074	 4.774957	 -1.608177	 -0.866654
 -0.665886	 -1.244751	 -0.552940	 4.782555	 -1.594094	 -0.860400
 -0.661104	 -1.246346	 -0.553801	 4.790106	 -1.579979	 -0.854130
 -0.656314	 -1.247926	 -0.554655	 4.797609	 -1.565834	 -0.847845
 -0.651516	 -1.249491	 -0.555503	 4.805065	 -1.551657	 -0.841544
 -0.646711	 -1.251043	 -0.556344	 4.812473	 -1.537449	 -0.835227
 -0.641899	 -1.252580	 -0.557180	 4.819834	 -1.523210	 -0.828895
 -0.637079	 -1.254104	 -0.558008	 4.827146	 -1.508941	 -0.822548
 -0.632252	 -1.255613	 -0.558831	 4.834411	 -1.494641	 -0.816185
 -0.627417	 -1.257107	 -0.559647	 4.841627	 -1.480310	 -0.809807
 -0.622576	 -1.258588	 -0.560457	 4.848794	 -1.465949	 -0.803413
 -0.617727	 -1.260054	 -0.561260	 4.855913	 -1.451558	 -0.797005
 -0.612871	 -1.261505	 -0.562057	 4.862983	 -1.437136	 -0.790581
 -0.608008	 -1.262942	 -0.562848	 4.870004	 -1.422684	 -0.784142
 -0.603138	 -1.264365	 -0.563632	 4.876976	 -1.408203	 -0.777688
 -0.598261	 -1.265773	 -0.564410	 4.883898	 -1.393691	 -0.771219
 -0.593377	 -1.267167	 -0.565181	 4.890771	 -1.379150	 -0.764735
 -0.588486	 -1.268546	 -0.565946	 4.897594	 -1.364579	 -0.758236
 -0.583589	 -1.269911	 -0.566704	 4.904368	 -1.349979	 -0.751722
 -0.578684	 -1.271261	 -0.567456	 4.911091	 -1.335349	 -0.745194
 -0.573773	 -1.272596	 -0.568201	 4.917764	 -1.320690	 -0.738650
 -0.568855	 -1.273917	 -0.568940	 4.924386	 -1.306002	 -0.732092
 -0.563931	 -1.275223	 -0.569672	 4.930958	 -1.291284	 -0.725520
 -0.559000	 -1.276514	 -0.570397	 4.937479	 -1.276538	 -0.718932
 -0.554063	 -1.277790	 -0.571116	 4.943949	 -1.261763	 -0.712330
 -0.549119	 -1.279052	 -0.571828	 4.950368	 -1.246960	 -0.705714
 -0.544168	 -1.280299	 -0.572534	 4.956735	 -1.232128	 -0.699083
 -0.539212	 -1.281531	 -0.573233	 4.963051	 -1.217268	 -0.692437
 -0.534249	 -1.282749	 -0.573926	 4.969316	 -1.202379	 -0.685778
 -0.529279	 -1.283951	 -0.574611	 4.975529	 -1.187463	 -0.679104
 -0.524304	 -1.285138	 -0.575291	 4.981689	 -1.172518	 -0.672415
 -0.519322	 -1.286311	 -0.575963	 4.987798	 -1.157545	 -0.665713
 -0.514334	 -1.287468	 -0.576629	 4.993854	 -1.142545	 -0.658997
 -0.509340	 -1.288611	 -0.577288	 4.999857	 -1.127517	 -0.652266
 -0.504340	 -1.289738	 -0.577940	 5.005808	 -1.112462	 -0.645521
 -0.499335	 -1.290851	 -0.578586	 5.011706	 -1.097380	 -0.638763
 -0.494323	 -1.291948	 -0.579224	 5.017550	 -1.082270	 -0.631990
 -0.489305	 -1.293031	 -0.579856	 5.023342	 -1.067133	 -0.625204
 -0.484282	 -1.294098	 -0.580481	 5.029080	 -1.051970	 -0.618404
 -0.479253	 -1.295150	 -0.581100	 5.034765	 -1.036779	 -0.611590
 -0.474218	 -1.296186	 -0.581711	 5.040396	 -1.021562	 -0.604763
 -0.469178	 -1.297208	 -0.582316	 5.045973	 -1.006319	 -0.597922
 -0.464132	 -1.298214	 -0.582914	 5.051495	 -0.991049	 -0.591067
 -0.459080	 -1.299205	 -0.583505	 5.056964	 -0.975753	 -0.584199
 -0.454023	 -1.300181	 -0.584089	 5.062378	 -0.960431	 -0.577317
 -0.448961	 -1.301142	 -0.584667	 5.067738	 -0.945083	 -0.570423
 -0.443893	 -1.302087	 -0.585237	 5.073042	 -0.929710	 -0.563515
 -0.438820	 -1.303016	 -0.585801	 5.078292	 -0.914311	 -0.556593
 -0.433742	 -1.303931	 -0.586357	 5.083487	 -0.898886	 -0.549659
 -0.428658	 -1.304830	 -0.586907	 5.088626	 -0.883436	 -0.542711
 -0.423570	 -1.305713	 -0.587450	 5.093710	 -0.867961	 -0.535750
 -0.418476	 -1.306581	 -0.587985	 5.098738	 -0.852461	 -0.528777
 -0.413377	 -1.307433	 -0.588514	 5.103710	 -0.836936	 -0.521790
 -0.408274	 -1.308270	 -0.589036	 5.108627	 -0.821386	 -0.514791
 -0.403165	 -1.309092	 -0.589551	 5.113487	 -0.805812	 -0.507779
 -0.398052	 -1.309898	 -0.590059	 5.118291	 -0.790214	 -0.500754
 -0.392933	 -1.310688	 -0.590559	 5.123038	 -0.774591	 -0.493717
 -0.387810	 -1.311462	 -0.591053	 5.127729	 -0.758944	 -0.486667
 -0.382683	 -1.312221	 -0.591540	 5.132363	 -0.743274	 -0.479604
 -0.377550	 -1.312965	 -0.592019	 5.136940	 -0.727579	 -0.472529
 -0.372413	 -1.313692	 -0.592492	 5.141460	 -0.711861	 -0.465442
 -0.367272	 -1.314404	 -0.592957	 5.145922	 -0.696120	 -0.458342
 -0.362126	 -1.315100	 -0.593416	 5.150327	 -0.680355	 -0.451231
 -0.356975	 -1.315781	 -0.593867	 5.154674	 -0.664567	 -0.444107
 -0.351821	 -1.316445	 -0.594311	 5.158964	 -0.648756	 -0.436971
 -0.346662	 -1.317094	 -0.594748	 5.163195	 -0.632923	 -0.429823
 -0.341499	 -1.317727	 -0.595178	 5.167369	 -0.617067	 -0.422663
 -0.336331	 -1.318344	 -0.595600	 5.171484	 -0.601188	 -0.415491
 -0.331160	 -1.318945	 -0.596016	 5.175540	 -0.585288	 -0.408307
 -0.325984	 -1.319530	 -0.596424	 5.179538	 -0.569365	 -0.401112
 -0.320805	 -1.320100	 -0.596825	 5.183477	 -0.553420	 -0.393905
 -0.315621	 -1.320653	 -0.597219	 5.187357	 -0.537454	 -0.386686
 -0.310434	 -1.321191	 -0.597606	 5.191178	 -0.521465	 -0.379456
 -0.305243	 -1.321712	 -0.597985	 5.194940	 -0.505456	 -0.372215
 -0.300048	 -1.322217	 -0.598358	 5.198642	 -0.489425	 -0.364962
 -0.294849	 -1.322707	 -0.598722	 5.202285	 -0.473373	 -0.357698
 -0.289647	 -1.323180	 -0.599080	 5.205868	 -0.457301	 -0.350422
 -0.284441	 -1.323638	 -0.599431	 5.209391	 -0.441207	 -0.343136
 -0.279232	 -1.324079	 -0.599774	 5.212853	 -0.425094	 -0.335839
 -0.274019	 -1.324504	 -0.600110	 5.216256	 -0.408959	 -0.328530
 -0.268802	 -1.324913	 -0.600438	 5.219598	 -0.392805	 -0.321211
 -0.263583	 -1.325306	 -0.600759	 5.222879	 -0.376631	 -0.313881
 -0.258360	 -1.325682	 -0.601073	 5.226100	 -0.360436	 -0.306540
 -0.253134	 -1.326043	 -0.601380	 5.229260	 -0.344223	 -0.299189
 -0.247905	 -1.326387	 -0.601679	 5.232359	 -0.327990	 -0.291827
 -0.242672	 -1.326715	 -0.601971	 5.235397	 -0.311737	 -0.284454
 -0.237437	 -1.327027	 -0.602255	 5.238373	 -0.295466	 -0.277071
 -0.232199	 -1.327322	 -0.602532	 5.241287	 -0.279175	 -0.269678
 -0.226957	 -1.327601	 -0.602802	 5.244141	 -0.262866	 -0.262275
 -0.221713	 -1.327864	 -0.603064	 5.246932	 -0.246539	 -0.254861
 -0.216466	 -1.328111	 -0.603319	 5.249661	 -0.230193	 -0.247438
 -0.211216	 -1.328341	 -0.603567	 5.252328	 -0.213829	 -0.240004
 -0.205964	 -1.328555	 -0.603807	 5.254933	 -0.197448	 -0.232561
 -0.200709	 -1.328752	 -0.604039	 5.257475	 -0.181048	 -0.225107
 -0.195452	 -1.328933	 -0.604264	 5.259955	 -0.164631	 -0.217644
 -0.190192	 -1.329098	 -0.604482	 5.262372	 -0.148197	 -0.210172
 -0.184929	 -1.329246	 -0.604692	 5.264726	 -0.131745	 -0.202689
 -0.179665	 -1.329378	 -0.604895	 5.267018	 -0.115277	 -0.195198
 -0.174398	 -1.329493	 -0.605090	 5.269246	 -0.098792	 -0.187697
 -0.169128	 -1.329592	 -0.605278	 5.271410	 -0.082290	 -0.180186
 -0.163857	 -1.329674	 -0.605458	 5.273511	 -0.065772	 -0.172667
 -0.158584	 -1.329740	 -0.605630	 5.275549	 -0.049238	 -0.165138
 -0.153308	 -1.329789	 -0.605796	 5.277523	 -0.032688	 -0.157600
 -0.148030	 -1.329822	 -0.605953	 5.279432	 -0.016122	 -0.150054
 -0.142751	 -1.329838	 -0.606103	 5.281278	 0.000459	 -0.142498
 -0.137470	 -1.329837	 -0.606246	 5.283060	 0.017056	 -0.134934
 -0.132187	 -1.329820	 -0.606381	 5.284777	 0.033667	 -0.127361
 -0.126902	 -1.329787	 -0.606508	 5.286430	 0.050294	 -0.119779
 -0.121615	 -1.329736	 -0.606628	 5.288018	 0.066935	 -0.112190
 -0.116327	 -1.329670	 -0.606740	 5.289541	 0.083591	 -0.104591
 -0.111038	 -1.329586	 -0.606845	 5.290999	 0.100261	 -0.096985
 -0.105747	 -1.329486	 -0.606942	 5.292393	 0.116945	 -0.089370
 -0.100455	 -1.329369	 -0.607031	 5.293721	 0.133642	 -0.081747
 -0.095161	 -1.329235	 -0.607113	 5.294984	 0.150354	 -0.074116
 -0.089866	 -1.329085	 -0.607187	 5.296181	 0.167079	 -0.066477
 -0.084570	 -1.328918	 -0.607253	 5.297313	 0.183817	 -0.058830
 -0.079272	 -1.328734	 -0.607312	 5.298379	 0.200568	 -0.051176
 -0.073974	 -1.328533	 -0.607363	 5.299379	 0.217331	 -0.043514
 -0.068675	 -1.328316	 -0.607407	 5.300313	 0.234108	 -0.035844
 -0.063374	 -1.328082	 -0.607443	 5.301181	 0.250896	 -0.028167
 -0.058073	 -1.327831	 -0.607471	 5.301983	 0.267697	 -0.020483
 -0.052771	 -1.327563	 -0.607491	 5.302718	 0.284509	 -0.012791
 -0.047468	 -1.327279	 -0.607504	 5.303387	 0.301334	 -0.005093
 -0.042165	 -1.326977	 -0.607509	 5.303989	 0.318169	 0.002613
 -0.036861	 -1.326659	 -0.607507	 5.304524	 0.335016	 0.010326
 -0.031556	 -1.326324	 -0.607496	 5.304992	 0.351874	 0.018045
 -0.026251	 -1.325972	 -0.607478	 5.305394	 0.368742	 0.025772
 -0.020946	 -1.325604	 -0.607452	 5.305728	 0.385621	 0.033505
 -0.015640	 -1.325218	 -0.607419	 5.305995	 0.402510	 0.041244
 -0.010334	 -1.324815	 -0.607378	 5.306194	 0.419410	 0.048990
 -0.005028	 -1.324396	 -0.607329	 5.306326	 0.436319	 0.056742
 0.000278	 -1.323960	 -0.607272	 5.306390	 0.453238	 0.064501
 0.005585	 -1.323507	 -0.607207	 5.306387	 0.470166	 0.072265
 0.010891	 -1.323036	 -0.607135	 5.306315	 0.487103	 0.080036
 0.016197	 -1.322549	 -0.607055	 5.306176	 0.504049	 0.087812
 0.021503	 -1.322045	 -0.606967	 5.305968	 0.521004	 0.095594
 0.026809	 -1.321524	 -0.606872	 5.305692	 0.537967	 0.103382
 0.032115	 -1.320986	 -0.606768	 5.305348	 0.554938	 0.111176
 0.037420	 -1.320431	 -0.606657	 5.304935	 0.571917	 0.118975
 0.042725	 -1.319859	 -0.606538	 5.304454	 0.588904	 0.126779
 0.048030	 -1.319270	 -0.606411	 5.303904	 0.605898	 0.134589
 0.053334	 -1.318665	 -0.606277	 5.303285	 0.622900	 0.142404
 0.058637	 -1.318042	 -0.606134	 5.302597	 0.639909	 0.150224
 0.063940	 -1.317402	 -0.605984	 5.301840	 0.656924	 0.158049
 0.069241	 -1.316745	 -0.605826	 5.301014	 0.673945	 0.165879
 0.074542	 -1.316071	 -0.605660	 5.300118	 0.690973	 0.173713
 0.079843	 -1.315380	 -0.605487	 5.299154	 0.708007	 0.181552
 0.085142	 -1.314672	 -0.605305	 5.298119	 0.725047	 0.189396
 0.090440	 -1.313947	 -0.605116	 5.297015	 0.742092	 0.197244
 0.095737	 -1.313205	 -0.604918	 5.295842	 0.759142	 0.205096
 0.101033	 -1.312446	 -0.604713	 5.294598	 0.776198	 0.212952
 0.106327	 -1.311669	 -0.604500	 5.293285	 0.793258	 0.220813
 0.111621	 -1.310876	 -0.604280	 5.291902	 0.810322	 0.228677
 0.116913	 -1.310066	 -0.604051	 5.290448	 0.827391	 0.236545
 0.122203	 -1.309238	 -0.603814	 5.288925	 0.844464	 0.244417
 0.127492	 -1.308394	 -0.603570	 5.287331	 0.861540	 0.252293
 0.132779	 -1.307532	 -0.603318	 5.285667	 0.878620	 0.260172
 0.138065	 -1.306654	 -0.603057	 5.283932	 0.895703	 0.268054
 0.143349	 -1.305758	 -0.602789	 5.282126	 0.912789	 0.275940
 0.148631	 -1.304845	 -0.602513	 5.280250	 0.929878	 0.283829
 0.153911	 -1.303915	 -0.602230	 5.278304	 0.946969	 0.291721
 0.159190	 -1.302968	 -0.601938	 5.276286	 0.964062	 0.299615
 0.164466	 -1.302004	 -0.601638	 5.274197	 0.981157	 0.307513
 0.169740	 -1.301023	 -0.601331	 5.272038	 0.998254	 0.315413
 0.175012	 -1.300025	 -0.601015	 5.269807	 1.015353	 0.323316
 0.180282	 -1.299010	 -0.600692	 5.267505	 1.032452	 0.331221
 0.185549	 -1.297977	 -0.600361	 5.265132	 1.049552	 0.339129
 0.190814	 -1.296928	 -0.600022	 5.262687	 1.066653	 0.347038
 0.196077	 -1.295861	 -0.599675	 5.260171	 1.083754	 0.354950
 0.201337	 -1.294777	 -0.599320	 5.257584	 1.100855	 0.362864
 0.206595	 -1.293676	 -0.598957	 5.254924	 1.117956	 0.370779
 0.211850	 -1.292558	 -0.598586	 5.252194	 1.135056	 0.378697
 0.217102	 -1.291423	 -0.598207	 5.249391	 1.152156	 0.386616
 0.222351	 -1.290271	 -0.597821	 5.246517	 1.169254	 0.394536
 0.227598	 -1.289102	 -0.597426	 5.243570	 1.186352	 0.402458
 0.232842	 -1.287916	 -0.597024	 5.240552	 1.203447	 0.410380
 0.238082	 -1.286712	 -0.596613	 5.237461	 1.220541	 0.418304
 0.243320	 -1.285492	 -0.596195	 5.234299	 1.237633	 0.426229
 0.248554	 -1.284254	 -0.595769	 5.231064	 1.254722	 0.434155
 0.253785	 -1.282999	 -0.595335	 5.227757	 1.271809	 0.442082
 0.259013	 -1.281727	 -0.594893	 5.224378	 1.288893	 0.450009
 0.264237	 -1.280439	 -0.594443	 5.220926	 1.305973	 0.457937
 0.269458	 -1.279133	 -0.593985	 5.217402	 1.323050	 0.465864
 0.274675	 -1.277810	 -0.593519	 5.213806	 1.340123	 0.473793
 0.279889	 -1.276469	 -0.593045	 5.210137	 1.357192	 0.481721
 0.285099	 -1.275112	 -0.592563	 5.206395	 1.374257	 0.489649
 0.290306	 -1.273738	 -0.592074	 5.202580	 1.391317	 0.497577
 0.295508	 -1.272347	 -0.591576	 5.198693	 1.408372	 0.505505
 0.300707	 -1.270938	 -0.591071	 5.194733	 1.425422	 0.513432
 0.305902	 -1.269513	 -0.590557	 5.190701	 1.442467	 0.521359
 0.311092	 -1.268070	 -0.590036	 5.186595	 1.459505	 0.529285
 0.316279	 -1.266611	 -0.589506	 5.182416	 1.476538	 0.537211
 0.321461	 -1.265134	 -0.588969	 5.178165	 1.493564	 0.545135
 0.326640	 -1.263641	 -0.588424	 5.173840	 1.510584	 0.553059
 0.331813	 -1.262130	 -0.587871	 5.169443	 1.527597	 0.560981
 0.336983	 -1.260603	 -0.587310	 5.164972	 1.544603	 0.568902
 0.342148	 -1.259058	 -0.586741	 5.160428	 1.561601	 0.576821
 0.347308	 -1.257496	 -0.586164	 5.155811	 1.578591	 0.584739
 0.352464	 -1.255918	 -0.585580	 5.151120	 1.595574	 0.592655
 0.357615	 -1.254322	 -0.584987	 5.146357	 1.612548	 0.600569
 0.362762	 -1.252710	 -0.584386	 5.141520	 1.629513	 0.608481
 0.367903	 -1.251080	 -0.583778	 5.136610	 1.646469	 0.616391
 0.373040	 -1.249434	 -0.583162	 5.131626	 1.663416	 0.624299
 0.378171	 -1.247770	 -0.582537	 5.126569	 1.680354	 0.632205
 0.383298	 -1.246090	 -0.581905	 5.121438	 1.697282	 0.640108
 0.388419	 -1.244393	 -0.581265	 5.116235	 1.714200	 0.648008
 0.393536	 -1.242678	 -0.580617	 5.110957	 1.731107	 0.655906
 0.398647	 -1.240947	 -0.579961	 5.105606	 1.748004	 0.663800
 0.403752	 -1.239199	 -0.579297	 5.100182	 1.764889	 0.671692
 0.408852	 -1.237434	 -0.578625	 5.094684	 1.781764	 0.679580
 0.413947	 -1.235653	 -0.577946	 5.089112	 1.798626	 0.687465
 0.419036	 -1.233854	 -0.577258	 5.083467	 1.815477	 0.695347
 0.424120	 -1.232039	 -0.576563	 5.077749	 1.832316	 0.703225
 0.429197	 -1.230206	 -0.575860	 5.071956	 1.849142	 0.711099
 0.434269	 -1.228357	 -0.575149	 5.066090	 1.865956	 0.718969
 0.439335	 -1.226491	 -0.574430	 5.060151	 1.882756	 0.726836
 0.444396	 -1.224608	 -0.573703	 5.054138	 1.899543	 0.734698
 0.449450	 -1.222709	 -0.572968	 5.048051	 1.916316	 0.742556
 0.454498	 -1.220793	 -0.572226	 5.041890	 1.933076	 0.750409
 0.459540	 -1.218859	 -0.571475	 5.035656	 1.949821	 0.758258
 0.464575	 -1.216910	 -0.570717	 5.029349	 1.966551	 0.766102
 0.469605	 -1.214943	 -0.569951	 5.022967	 1.983266	 0.773942
 0.474628	 -1.212960	 -0.569177	 5.016512	 1.999967	 0.781776
 0.479644	 -1.210960	 -0.568395	 5.009983	 2.016652	 0.789606
 0.484654	 -1.208943	 -0.567606	 5.003381	 2.033321	 0.797430
 0.489657	 -1.206910	 -0.566808	 4.996705	 2.049974	 0.805248
 0.494654	 -1.204860	 -0.566003	 4.989955	 2.066610	 0.813061
 0.499644	 -1.202793	 -0.565190	 4.983132	 2.083230	 0.820869
 0.504627	 -1.200710	 -0.564369	 4.976235	 2.099833	 0.828670
 0.509603	 -1.198610	 -0.563540	 4.969265	 2.116418	 0.836466
 0.514573	 -1.196494	 -0.562704	 4.962221	 2.132986	 0.844256
 0.519535	 -1.194361	 -0.561860	 4.955103	 2.149536	 0.852039
 0.524490	 -1.192211	 -0.561008	 4.947912	 2.166068	 0.859816
 0.529438	 -1.190045	 -0.560148	 4.940647	 2.182581	 0.867586
 0.534379	 -1.187863	 -0.559280	 4.933309	 2.199075	 0.875350
 0.539312	 -1.185664	 -0.558405	 4.925898	 2.215550	 0.883107
 0.544238	 -1.183448	 -0.557522	 4.918413	 2.232006	 0.890857
 0.549156	 -1.181216	 -0.556631	 4.910854	 2.248442	 0.898600
 0.554067	 -1.178968	 -0.555732	 4.903223	 2.264857	 0.906336
 0.558970	 -1.176703	 -0.554826	 4.895517	 2.281253	 0.914064
 0.563866	 -1.174421	 -0.553912	 4.887739	 2.297627	 0.921785
 0.568754	 -1.172124	 -0.552990	 4.879887	 2.313981	 0.929498
 0.573633	 -1.169810	 -0.552061	 4.871962	 2.330313	 0.937203
 0.578505	 -1.167480	 -0.551123	 4.863964	 2.346624	 0.944900
 0.583369	 -1.165133	 -0.550178	 4.855893	 2.362912	 0.952590
 0.588225	 -1.162770	 -0.549226	 4.847748	 2.379179	 0.960271
 0.593073	 -1.160391	 -0.548266	 4.839531	 2.395422	 0.967943
 0.597913	 -1.157995	 -0.547298	 4.831241	 2.411643	 0.975607
 0.602744	 -1.155584	 -0.546322	 4.822877	 2.427841	 0.983263
 0.607567	 -1.153156	 -0.545339	 4.814441	 2.444015	 0.990910
 0.612381	 -1.150712	 -0.544348	 4.805932	 2.460165	 0.998547
 0.617187	 -1.148252	 -0.543349	 4.797350	 2.476292	 1.006176
 0.621984	 -1.145775	 -0.542343	 4.788695	 2.492393	 1.013795
 0.626773	 -1.143283	 -0.541329	 4.779968	 2.508470	 1.021405
 0.631553	 -1.140775	 -0.540308	 4.771167	 2.524522	 1.029005
 0.636324	 -1.138250	 -0.539279	 4.762295	 2.540549	 1.036596
 0.641087	 -1.135710	 -0.538242	 4.753350	 2.556550	 1.044177
 0.645840	 -1.133153	 -0.537198	 4.744332	 2.572525	 1.051748
 0.650584	 -1.130580	 -0.536146	 4.735242	 2.588473	 1.059309
 0.655319	 -1.127992	 -0.535087	 4.726080	 2.604395	 1.066859
 0.660046	 -1.125388	 -0.534020	 4.716846	 2.620290	 1.074399
 0.664762	 -1.122767	 -0.532946	 4.707539	 2.636158	 1.081929
 0.669470	 -1.120131	 -0.531864	 4.698161	 2.651998	 1.089448
 0.674168	 -1.117479	 -0.530775	 4.688710	 2.667810	 1.096956
 0.678857	 -1.114811	 -0.529678	 4.679188	 2.683594	 1.104453
 0.683536	 -1.112128	 -0.528573	 4.669594	 2.699350	 1.111939
 0.688206	 -1.109428	 -0.527461	 4.659928	 2.715076	 1.119413
 0.692865	 -1.106713	 -0.526342	 4.650190	 2.730774	 1.126876
 0.697516	 -1.103983	 -0.525215	 4.640381	 2.746442	 1.134328
 0.702156	 -1.101236	 -0.524081	 4.630501	 2.762080	 1.141768
 0.706787	 -1.098474	 -0.522939	 4.620549	 2.777689	 1.149196
 0.711407	 -1.095696	 -0.521790	 4.610525	 2.793267	 1.156612
 0.716018	 -1.092903	 -0.520633	 4.600431	 2.808814	 1.164016
 0.720618	 -1.090094	 -0.519469	 4.590266	 2.824330	 1.171407
 0.725208	 -1.087270	 -0.518298	 4.580029	 2.839815	 1.178786
 0.729788	 -1.084430	 -0.517119	 4.569722	 2.855268	 1.186153
 0.734358	 -1.081575	 -0.515933	 4.559344	 2.870689	 1.193507
 0.738917	 -1.078704	 -0.514739	 4.548895	 2.886078	 1.200847
 0.743466	 -1.075818	 -0.513538	 4.538376	 2.901435	 1.208175
 0.748005	 -1.072917	 -0.512330	 4.527786	 2.916758	 1.215490
 0.752532	 -1.070000	 -0.511115	 4.517126	 2.932049	 1.222791
 0.757050	 -1.067068	 -0.509892	 4.506396	 2.947306	 1.230079
 0.761556	 -1.064121	 -0.508662	 4.495596	 2.962529	 1.237353
 0.766052	 -1.061158	 -0.507424	 4.484725	 2.977718	 1.244614
 0.770536	 -1.058180	 -0.506180	 4.473785	 2.992872	 1.251861
 0.775010	 -1.055187	 -0.504928	 4.462775	 3.007992	 1.259093
 0.779473	 -1.052179	 -0.503669	 4.451696	 3.023077	 1.266311
 0.783925	 -1.049156	 -0.502402	 4.440547	 3.038126	 1.273515
 0.788365	 -1.046118	 -0.501129	 4.429329	 3.053140	 1.280705
 0.792794	 -1.043065	 -0.499848	 4.418042	 3.068118	 1.287880
 0.797213	 -1.039997	 -0.498560	 4.406685	 3.083059	 1.295040
 0.801619	 -1.036914	 -0.497265	 4.395260	 3.097964	 1.302185
 0.806014	 -1.033816	 -0.495963	 4.383766	 3.112832	 1.309315
 0.810398	 -1.030703	 -0.494654	 4.372203	 3.127663	 1.316430
 0.814770	 -1.027575	 -0.493337	 4.360571	 3.142456	 1.323530
 0.819131	 -1.024433	 -0.492014	 4.348872	 3.157212	 1.330614
 0.823480	 -1.021276	 -0.490683	 4.337104	 3.171929	 1.337682
 0.827817	 -1.018104	 -0.489346	 4.325268	 3.186608	 1.344735
 0.832142	 -1.014917	 -0.488001	 4.313364	 3.201248	 1.351772
 0.836456	 -1.011716	 -0.486649	 4.301392	 3.215850	 1.358792
 0.840757	 -1.008500	 -0.485290	 4.289353	 3.230411	 1.365797
 0.845046	 -1.005270	 -0.483924	 4.277246	 3.244934	 1.372785
 0.849324	 -1.002025	 -0.482552	 4.265072	 3.259416	 1.379757
 0.853589	 -0.998765	 -0.481172	 4.252831	 3.273858	 1.386711
 0.857842	 -0.995492	 -0.479785	 4.240523	 3.288259	 1.393650
 0.862082	 -0.992203	 -0.478392	 4.228148	 3.302620	 1.400571
 0.866310	 -0.988901	 -0.476991	 4.215706	 3.316940	 1.407475
 0.870526	 -0.985584	 -0.475584	 4.203198	 3.331218	 1.414362
 0.874729	 -0.982252	 -0.474169	 4.190624	 3.345454	 1.421232
 0.878920	 -0.978907	 -0.472748	 4.177983	 3.359648	 1.428084
 0.883098	 -0.975547	 -0.471320	 4.165277	 3.373800	 1.434918
 0.887263	 -0.972174	 -0.469885	 4.152505	 3.387909	 1.441735
 0.891415	 -0.968786	 -0.468443	 4.139667	 3.401976	 1.448534
 0.895555	 -0.965384	 -0.466995	 4.126764	 3.415999	 1.455314
 0.899682	 -0.961968	 -0.465539	 4.113795	 3.429978	 1.462077
 0.903796	 -0.958538	 -0.464077	 4.100762	 3.443914	 1.468821
 0.907896	 -0.955094	 -0.462608	 4.087664	 3.457806	 1.475547
 0.911984	 -0.951636	 -0.461133	 4.074501	 3.471653	 1.482254
 0.916059	 -0.948164	 -0.459651	 4.061273	 3.485456	 1.488942
 0.920120	 -0.944679	 -0.458162	 4.047981	 3.499213	 1.495611
 0.924168	 -0.941180	 -0.456666	 4.034626	 3.512926	 1.502262
 0.928203	 -0.937667	 -0.455164	 4.021206	 3.526592	 1.508893
 0.932224	 -0.934140	 -0.453655	 4.007723	 3.540213	 1.515505
 0.936231	 -0.930600	 -0.452139	 3.994176	 3.553788	 1.522097
 0.940226	 -0.927046	 -0.450617	 3.980566	 3.567316	 1.528670
 0.944206	 -0.923479	 -0.449089	 3.966892	 3.580798	 1.535223
 0.948173	 -0.919898	 -0.447553	 3.953156	 3.594232	 1.541756
 0.952126	 -0.916304	 -0.446012	 3.939357	 3.607620	 1.548269
 0.956066	 -0.912696	 -0.444463	 3.925496	 3.620959	 1.554763
 0.959991	 -0.909075	 -0.442909	 3.911573	 3.634251	 1.561235
 0.963903	 -0.905441	 -0.441347	 3.897587	 3.647495	 1.567688
 0.967800	 -0.901793	 -0.439780	 3.883540	 3.660690	 1.574120
 0.971684	 -0.898133	 -0.438206	 3.869431	 3.673837	 1.580531
 0.975553	 -0.894459	 -0.436625	 3.855261	 3.686934	 1.586921
 0.979408	 -0.890772	 -0.435038	 3.841030	 3.699983	 1.593291
 0.983250	 -0.887072	 -0.433445	 3.826738	 3.712981	 1.599639
 0.987076	 -0.883359	 -0.431845	 3.812385	 3.725930	 1.605966
 0.990889	 -0.879633	 -0.430239	 3.797971	 3.738829	 1.612272
 0.994687	 -0.875894	 -0.428627	 3.783498	 3.751678	 1.618557
 0.998470	 -0.872143	 -0.427008	 3.768964	 3.764476	 1.624819
 1.002239	 -0.868378	 -0.425384	 3.754371	 3.777223	 1.631060
 1.005993	 -0.864601	 -0.423753	 3.739718	 3.789918	 1.637280
 1.009733	 -0.860811	 -0.422115	 3.725006	 3.802563	 1.643477
 1.013458	 -0.857008	 -0.420472	 3.710234	 3.815155	 1.649652
 1.017168	 -0.853193	 -0.418822	 3.695404	 3.827696	 1.655805
 1.020864	 -0.849366	 -0.417166	 3.680516	 3.840184	 1.661935
 1.024544	 -0.845525	 -0.415504	 3.665569	 3.852620	 1.668043
 1.028210	 -0.841673	 -0.413836	 3.650564	 3.865003	 1.674128
 1.031860	 -0.837808	 -0.412162	 3.635501	 3.877333	 1.680191
 1.035496	 -0.833930	 -0.410482	 3.620381	 3.889610	 1.686230
 1.039116	 -0.830041	 -0.408796	 3.605204	 3.901833	 1.692247
 1.042722	 -0.826139	 -0.407104	 3.589969	 3.914003	 1.698240
 1.046311	 -0.822225	 -0.405405	 3.574678	 3.926118	 1.704210
 1.049886	 -0.818299	 -0.403701	 3.559330	 3.938179	 1.710157
 1.053446	 -0.814361	 -0.401991	 3.543925	 3.950185	 1.716080
 1.056989	 -0.810411	 -0.400275	 3.528465	 3.962137	 1.721980
 1.060518	 -0.806448	 -0.398553	 3.512949	 3.974033	 1.727856
 1.064031	 -0.802474	 -0.396825	 3.497378	 3.985874	 1.733708
 1.067528	 -0.798488	 -0.395091	 3.481751	 3.997659	 1.739535
 1.071010	 -0.794491	 -0.393352	 3.466070	 4.009389	 1.745339
 1.074476	 -0.790481	 -0.391606	 3.450333	 4.021062	 1.751119
 1.077926	 -0.786460	 -0.389855	 3.434543	 4.032679	 1.756874
 1.081361	 -0.782428	 -0.388098	 3.418698	 4.044240	 1.762604
 1.084780	 -0.778383	 -0.386336	 3.402799	 4.055743	 1.768310
 1.088182	 -0.774328	 -0.384568	 3.386847	 4.067190	 1.773992
 1.091569	 -0.770261	 -0.382794	 3.370842	 4.078579	 1.779648
 1.094940	 -0.766182	 -0.381014	 3.354783	 4.089910	 1.785279
 1.098295	 -0.762092	 -0.379229	 3.338672	 4.101184	 1.790886
 1.101634	 -0.757991	 -0.377438	 3.322508	 4.112400	 1.796467
 1.104956	 -0.753878	 -0.375641	 3.306293	 4.123557	 1.802023
 1.108262	 -0.749755	 -0.373839	 3.290025	 4.134656	 1.807553
 1.111552	 -0.745620	 -0.372032	 3.273706	 4.145696	 1.813058
 1.114826	 -0.741475	 -0.370219	 3.257335	 4.156677	 1.818537
 1.118083	 -0.737318	 -0.368400	 3.240914	 4.167599	 1.823990
 1.121324	 -0.733150	 -0.366576	 3.224442	 4.178462	 1.829418
 1.124549	 -0.728972	 -0.364747	 3.207919	 4.189265	 1.834819
 1.127757	 -0.724783	 -0.362912	 3.191347	 4.200008	 1.840194
 1.130948	 -0.720583	 -0.361072	 3.174724	 4.210690	 1.845543
 1.134123	 -0.716372	 -0.359226	 3.158053	 4.221313	 1.850866
 1.137281	 -0.712151	 -0.357375	 3.141332	 4.231875	 1.856162
 1.140422	 -0.707919	 -0.355519	 3.124562	 4.242376	 1.861432
 1.143547	 -0.703676	 -0.353658	 3.107743	 4.252816	 1.866675
 1.146654	 -0.699423	 -0.351791	 3.090876	 4.263195	 1.871891
 1.149745	 -0.695160	 -0.349919	 3.073962	 4.273512	 1.877081
 1.152819	 -0.690887	 -0.348042	 3.056999	 4.283768	 1.882243
 1.155876	 -0.686603	 -0.346160	 3.039990	 4.293962	 1.887379
 1.158916	 -0.682309	 -0.344272	 3.022933	 4.304094	 1.892487
 1.161939	 -0.678005	 -0.342380	 3.005829	 4.314164	 1.897568
 1.164945	 -0.673691	 -0.340482	 2.988680	 4.324171	 1.902621
 1.167934	 -0.669367	 -0.338580	 2.971484	 4.334115	 1.907647
 1.170905	 -0.665032	 -0.336672	 2.954242	 4.343997	 1.912645
 1.173859	 -0.660688	 -0.334759	 2.936955	 4.353815	 1.917616
 1.176796	 -0.656335	 -0.332842	 2.919623	 4.363570	 1.922558
 1.179716	 -0.651971	 -0.330919	 2.902246	 4.373262	 1.927473
 1.182618	 -0.647598	 -0.328992	 2.884824	 4.382890	 1.932360
 1.185503	 -0.643215	 -0.327059	 2.867359	 4.392454	 1.937219
 1.188370	 -0.638822	 -0.325122	 2.849850	 4.401954	 1.942049
 1.191220	 -0.634421	 -0.323180	 2.832297	 4.411390	 1.946852
 1.194053	 -0.630009	 -0.321233	 2.814701	 4.420761	 1.951625
 1.196867	 -0.625588	 -0.319282	 2.797062	 4.430068	 1.956371
 1.199664	 -0.621158	 -0.317325	 2.779381	 4.439309	 1.961088
 1.202444	 -0.616719	 -0.315364	 2.761657	 4.448486	 1.965776
 1.205205	 -0.612270	 -0.313398	 2.743892	 4.457598	 1.970435
 1.207949	 -0.607813	 -0.311428	 2.726085	 4.466644	 1.975065
 1.210675	 -0.603346	 -0.309453	 2.708237	 4.475625	 1.979667
 1.213384	 -0.598871	 -0.307473	 2.690349	 4.484539	 1.984239
 1.216074	 -0.594386	 -0.305489	 2.672420	 4.493388	 1.988782
 1.218746	 -0.589893	 -0.303500	 2.654451	 4.502171	 1.993296
 1.221401	 -0.585391	 -0.301507	 2.636442	 4.510888	 1.997781
 1.224037	 -0.580880	 -0.299509	 2.618393	 4.519538	 2.002236
 1.226656	 -0.576360	 -0.297507	 2.600306	 4.528122	 2.006662
 1.229256	 -0.571832	 -0.295500	 2.582180	 4.536639	 2.011058
 1.231838	 -0.567295	 -0.293489	 2.564015	 4.545088	 2.015425
 1.234402	 -0.562750	 -0.291474	 2.545812	 4.553471	 2.019762
 1.236948	 -0.558197	 -0.289454	 2.527572	 4.561787	 2.024069
 1.239476	 -0.553635	 -0.287430	 2.509294	 4.570035	 2.028346
 1.241985	 -0.549065	 -0.285402	 2.490980	 4.578216	 2.032593
 1.244476	 -0.544487	 -0.283369	 2.472629	 4.586328	 2.036810
 1.246948	 -0.539900	 -0.281332	 2.454241	 4.594373	 2.040997
 1.249403	 -0.535306	 -0.279291	 2.435817	 4.602350	 2.045154
 1.251839	 -0.530704	 -0.277246	 2.417358	 4.610259	 2.049280
 1.254256	 -0.526093	 -0.275197	 2.398864	 4.618099	 2.053376
 1.256655	 -0.521475	 -0.273143	 2.380335	 4.625871	 2.057441
 1.259035	 -0.516849	 -0.271086	 2.361771	 4.633575	 2.061476
 1.261397	 -0.512216	 -0.269025	 2.343174	 4.641209	 2.065481
 1.263740	 -0.507575	 -0.266959	 2.324542	 4.648775	 2.069454
 1.266065	 -0.502926	 -0.264890	 2.305877	 4.656272	 2.073397
 1.268370	 -0.498270	 -0.262816	 2.287179	 4.663699	 2.077309
 1.270658	 -0.493606	 -0.260739	 2.268449	 4.671057	 2.081190
 1.272926	 -0.488935	 -0.258658	 2.249686	 4.678346	 2.085040
 1.275176	 -0.484257	 -0.256573	 2.230891	 4.685565	 2.088860
 1.277407	 -0.479571	 -0.254484	 2.212064	 4.692715	 2.092648
 1.279619	 -0.474878	 -0.252391	 2.193207	 4.699795	 2.096404
 1.281812	 -0.470178	 -0.250295	 2.174318	 4.706804	 2.100130
 1.283986	 -0.465472	 -0.248195	 2.155399	 4.713744	 2.103824
 1.286142	 -0.460758	 -0.246091	 2.136450	 4.720613	 2.107487
 1.288278	 -0.456037	 -0.243983	 2.117471	 4.727413	 2.111119
 1.290396	 -0.451310	 -0.241872	 2.098462	 4.734141	 2.114718
 1.292494	 -0.446576	 -0.239757	 2.079425	 4.740800	 2.118287
 1.294573	 -0.441835	 -0.237639	 2.060359	 4.747387	 2.121824
 1.296634	 -0.437088	 -0.235517	 2.041265	 4.753904	 2.125329
 1.298675	 -0.432334	 -0.233392	 2.022143	 4.760350	 2.128802
 1.300697	 -0.427573	 -0.231263	 2.002993	 4.766725	 2.132243
 1.302700	 -0.422807	 -0.229131	 1.983816	 4.773029	 2.135653
 1.304684	 -0.418034	 -0.226995	 1.964613	 4.779262	 2.139031
 1.306649	 -0.413254	 -0.224856	 1.945383	 4.785423	 2.142376
 1.308594	 -0.408469	 -0.222714	 1.926127	 4.791513	 2.145690
 1.310520	 -0.403677	 -0.220568	 1.906845	 4.797532	 2.148972
 1.312427	 -0.398880	 -0.218419	 1.887538	 4.803479	 2.152221
 1.314315	 -0.394076	 -0.216267	 1.868207	 4.809354	 2.155438
 1.316183	 -0.389267	 -0.214112	 1.848850	 4.815158	 2.158623
 1.318032	 -0.384452	 -0.211953	 1.829470	 4.820890	 2.161776
 1.319861	 -0.379631	 -0.209791	 1.810066	 4.826550	 2.164897
 1.321671	 -0.374804	 -0.207626	 1.790638	 4.832138	 2.167985
 1.323462	 -0.369972	 -0.205458	 1.771188	 4.837653	 2.171040
 1.325233	 -0.365135	 -0.203287	 1.751715	 4.843097	 2.174063
 1.326985	 -0.360291	 -0.201113	 1.732220	 4.848469	 2.177054
 1.328717	 -0.355443	 -0.198936	 1.712702	 4.853768	 2.180012
 1.330430	 -0.350589	 -0.196756	 1.693164	 4.858994	 2.182937
 1.332123	 -0.345730	 -0.194573	 1.673604	 4.864149	 2.185830
 1.333796	 -0.340866	 -0.192387	 1.654024	 4.869230	 2.188690
 1.335450	 -0.335997	 -0.190199	 1.634423	 4.874240	 2.191517
 1.337085	 -0.331123	 -0.188007	 1.614803	 4.879176	 2.194311
 1.338700	 -0.326243	 -0.185813	 1.595162	 4.884040	 2.197073
 1.340295	 -0.321359	 -0.183616	 1.575503	 4.888831	 2.199802
 1.341870	 -0.316471	 -0.181416	 1.555825	 4.893549	 2.202497
 1.343426	 -0.311577	 -0.179213	 1.536129	 4.898194	 2.205160
 1.344962	 -0.306679	 -0.177008	 1.516414	 4.902767	 2.207790
 1.346479	 -0.301776	 -0.174801	 1.496682	 4.907266	 2.210387
 1.347975	 -0.296869	 -0.172590	 1.476933	 4.911692	 2.212951
 1.349452	 -0.291957	 -0.170377	 1.457166	 4.916045	 2.215482
 1.350909	 -0.287041	 -0.168162	 1.437384	 4.920325	 2.217979
 1.352347	 -0.282121	 -0.165944	 1.417585	 4.924532	 2.220444
 1.353764	 -0.277196	 -0.163723	 1.397771	 4.928666	 2.222875
 1.355162	 -0.272268	 -0.161500	 1.377941	 4.932726	 2.225274
 1.356540	 -0.267335	 -0.159275	 1.358096	 4.936713	 2.227639
 1.357898	 -0.262398	 -0.157048	 1.338237	 4.940627	 2.229970
 1.359236	 -0.257457	 -0.154818	 1.318364	 4.944467	 2.232269
 1.360555	 -0.252513	 -0.152585	 1.298477	 4.948234	 2.234534
 1.361853	 -0.247565	 -0.150351	 1.278576	 4.951928	 2.236766
 1.363132	 -0.242613	 -0.148114	 1.258663	 4.955548	 2.238964
 1.364391	 -0.237657	 -0.145875	 1.238736	 4.959094	 2.241129
 1.365629	 -0.232698	 -0.143634	 1.218798	 4.962567	 2.243261
 1.366848	 -0.227736	 -0.141391	 1.198848	 4.965966	 2.245359
 1.368047	 -0.222770	 -0.139145	 1.178886	 4.969292	 2.247424
 1.369226	 -0.217800	 -0.136898	 1.158914	 4.972545	 2.249456
 1.370385	 -0.212828	 -0.134648	 1.138930	 4.975723	 2.251454
 1.371524	 -0.207852	 -0.132397	 1.118937	 4.978828	 2.253418
 1.372643	 -0.202873	 -0.130143	 1.098933	 4.981860	 2.255349
 1.373742	 -0.197891	 -0.127888	 1.078920	 4.984818	 2.257247
 1.374820	 -0.192907	 -0.125631	 1.058898	 4.987702	 2.259111
 1.375879	 -0.187919	 -0.123372	 1.038867	 4.990513	 2.260941
 1.376918	 -0.182928	 -0.121111	 1.018827	 4.993250	 2.262738
 1.377937	 -0.177935	 -0.118848	 0.998780	 4.995913	 2.264501
 1.378936	 -0.172939	 -0.116584	 0.978725	 4.998503	 2.266231
 1.379915	 -0.167941	 -0.114317	 0.958663	 5.001019	 2.267927
 1.380873	 -0.162940	 -0.112049	 0.938594	 5.003461	 2.269590
 1.381812	 -0.157936	 -0.109780	 0.918518	 5.005830	 2.271219
 1.382730	 -0.152930	 -0.107509	 0.898437	 5.008125	 2.272814
 1.383629	 -0.147922	 -0.105236	 0.878349	 5.010347	 2.274376
 1.384507	 -0.142912	 -0.102961	 0.858257	 5.012495	 2.275904
 1.385365	 -0.137899	 -0.100686	 0.838160	 5.014570	 2.277399
 1.386204	 -0.132885	 -0.098408	 0.818058	 5.016571	 2.278860
 1.387022	 -0.127868	 -0.096129	 0.797951	 5.018498	 2.280287
 1.387820	 -0.122850	 -0.093849	 0.777842	 5.020352	 2.281681
 1.388597	 -0.117829	 -0.091567	 0.757728	 5.022132	 2.283041
 1.389355	 -0.112807	 -0.089284	 0.737612	 5.023839	 2.284367
 1.390093	 -0.107783	 -0.087000	 0.717493	 5.025473	 2.285660
 1.390810	 -0.102758	 -0.084714	 0.697372	 5.027033	 2.286920
 1.391508	 -0.097731	 -0.082427	 0.677249	 5.028520	 2.288145
 1.392185	 -0.092702	 -0.080139	 0.657124	 5.029933	 2.289337
 1.392842	 -0.087673	 -0.077850	 0.636998	 5.031273	 2.290496
 1.393479	 -0.082641	 -0.075559	 0.616872	 5.032540	 2.291621
 1.394096	 -0.077609	 -0.073268	 0.596745	 5.033734	 2.292712
 1.394693	 -0.072575	 -0.070975	 0.576618	 5.034854	 2.293770
 1.395269	 -0.067540	 -0.068681	 0.556492	 5.035902	 2.294794
 1.395826	 -0.062504	 -0.066386	 0.536366	 5.036876	 2.295785
 1.396362	 -0.057467	 -0.064091	 0.516242	 5.037777	 2.296742
 1.396878	 -0.052430	 -0.061794	 0.496119	 5.038605	 2.297666
 1.397374	 -0.047391	 -0.059496	 0.475997	 5.039360	 2.298556
 1.397850	 -0.042352	 -0.057198	 0.455879	 5.040043	 2.299412
 1.398306	 -0.037312	 -0.054898	 0.435762	 5.040652	 2.300236
 1.398742	 -0.032271	 -0.052598	 0.415649	 5.041189	 2.301025
 1.399158	 -0.027230	 -0.050297	 0.395539	 5.041653	 2.301781
 1.399553	 -0.022188	 -0.047995	 0.375433	 5.042044	 2.302504
 1.399929	 -0.017146	 -0.045693	 0.355331	 5.042363	 2.303194
 1.400284	 -0.012104	 -0.043390	 0.335233	 5.042609	 2.303850
 1.400619	 -0.007061	 -0.041086	 0.315141	 5.042783	 2.304472
 1.400934	 -0.002018	 -0.038781	 0.295053	 5.042884	 2.305061
 1.401229	 0.003025	 -0.036476	 0.274971	 5.042913	 2.305617
 1.401504	 0.008068	 -0.034171	 0.254895	 5.042870	 2.306140
 1.401759	 0.013110	 -0.031864	 0.234826	 5.042754	 2.306629
 1.401994	 0.018153	 -0.029558	 0.214763	 5.042566	 2.307085
 1.402209	 0.023196	 -0.027251	 0.194707	 5.042307	 2.307508
 1.402404	 0.028238	 -0.024943	 0.174658	 5.041975	 2.307898
 1.402578	 0.033280	 -0.022635	 0.154617	 5.041571	 2.308254
 1.402733	 0.038322	 -0.020327	 0.134585	 5.041096	 2.308577
 1.402867	 0.043363	 -0.018018	 0.114560	 5.040549	 2.308868
 1.402982	 0.048403	 -0.015710	 0.094545	 5.039930	 2.309125
 1.403077	 0.053443	 -0.013400	 0.074539	 5.039240	 2.309349
 1.403151	 0.058482	 -0.011091	 0.054542	 5.038479	 2.309540
 1.403206	 0.063521	 -0.008782	 0.034556	 5.037646	 2.309698
 1.403240	 0.068559	 -0.006472	 0.014579	 5.036741	 2.309823
 1.403255	 0.073595	 -0.004162	 -0.005387	 5.035766	 2.309915
 1.403249	 0.078631	 -0.001852	 -0.025342	 5.034719	 2.309974
 1.403224	 0.083666	 0.000458	 -0.045285	 5.033602	 2.310000
 1.403179	 0.088699	 0.002768	 -0.065217	 5.032413	 2.309994
 1.403114	 0.093732	 0.005078	 -0.085137	 5.031154	 2.309955
 1.403028	 0.098763	 0.007388	 -0.105044	 5.029824	 2.309882
 1.402923	 0.103793	 0.009698	 -0.124939	 5.028424	 2.309778
 1.402798	 0.108821	 0.012007	 -0.144820	 5.026953	 2.309640
 1.402654	 0.113848	 0.014317	 -0.164689	 5.025412	 2.309470
 1.402489	 0.118874	 0.016627	 -0.184543	 5.023800	 2.309268
 1.402304	 0.123897	 0.018936	 -0.204383	 5.022118	 2.309032
 1.402100	 0.128919	 0.021245	 -0.224209	 5.020367	 2.308765
 1.401876	 0.133940	 0.023554	 -0.244020	 5.018545	 2.308464
 1.401632	 0.138958	 0.025862	 -0.263816	 5.016654	 2.308132
 1.401368	 0.143975	 0.028170	 -0.283597	 5.014693	 2.307767
 1.401084	 0.148990	 0.030478	 -0.303361	 5.012662	 2.307370
 1.400781	 0.154002	 0.032785	 -0.323110	 5.010562	 2.306940
 1.400458	 0.159013	 0.035092	 -0.342842	 5.008393	 2.306478
 1.400115	 0.164021	 0.037399	 -0.362557	 5.006154	 2.305984
 1.399752	 0.169027	 0.039705	 -0.382255	 5.003847	 2.305458
 1.399370	 0.174031	 0.042010	 -0.401936	 5.001470	 2.304900
 1.398968	 0.179033	 0.044315	 -0.421598	 4.999025	 2.304309
 1.398547	 0.184032	 0.046619	 -0.441243	 4.996511	 2.303687
 1.398105	 0.189028	 0.048923	 -0.460869	 4.993928	 2.303033
 1.397645	 0.194022	 0.051226	 -0.480476	 4.991277	 2.302347
 1.397164	 0.199014	 0.053528	 -0.500064	 4.988558	 2.301629
 1.396664	 0.204002	 0.055830	 -0.519633	 4.985771	 2.300879
 1.396144	 0.208988	 0.058131	 -0.539182	 4.982915	 2.300098
 1.395605	 0.213971	 0.060431	 -0.558711	 4.979992	 2.299285
 1.395046	 0.218951	 0.062730	 -0.578219	 4.977001	 2.298440
 1.394468	 0.223928	 0.065029	 -0.597706	 4.973943	 2.297564
 1.393871	 0.228902	 0.067326	 -0.617173	 4.970817	 2.296656
 1.393253	 0.233873	 0.069623	 -0.636618	 4.967623	 2.295717
 1.392617	 0.238840	 0.071919	 -0.656041	 4.964363	 2.294746
 1.391961	 0.243805	 0.074213	 -0.675443	 4.961035	 2.293744
 1.391285	 0.248766	 0.076507	 -0.694822	 4.957641	 2.292711
 1.390590	 0.253723	 0.078800	 -0.714178	 4.954180	 2.291646
 1.389876	 0.258677	 0.081092	 -0.733511	 4.950653	 2.290551
 1.389143	 0.263628	 0.083382	 -0.752821	 4.947059	 2.289424
 1.388390	 0.268575	 0.085672	 -0.772108	 4.943399	 2.288267
 1.387618	 0.273518	 0.087960	 -0.791371	 4.939672	 2.287078
 1.386826	 0.278458	 0.090247	 -0.810609	 4.935880	 2.285858
 1.386016	 0.283394	 0.092533	 -0.829823	 4.932022	 2.284608
 1.385186	 0.288326	 0.094817	 -0.849012	 4.928099	 2.283327
 1.384337	 0.293254	 0.097101	 -0.868176	 4.924110	 2.282015
 1.383469	 0.298178	 0.099383	 -0.887314	 4.920056	 2.280673
 1.382582	 0.303098	 0.101663	 -0.906427	 4.915936	 2.279300
 1.381675	 0.308014	 0.103943	 -0.925514	 4.911752	 2.277896
 1.380750	 0.312926	 0.106221	 -0.944575	 4.907503	 2.276462
 1.379805	 0.317834	 0.108497	 -0.963609	 4.903189	 2.274998
 1.378841	 0.322737	 0.110772	 -0.982616	 4.898811	 2.273504
 1.377859	 0.327636	 0.113046	 -1.001595	 4.894368	 2.271979
 1.376857	 0.332530	 0.115318	 -1.020548	 4.889862	 2.270424
 1.375837	 0.337420	 0.117588	 -1.039472	 4.885291	 2.268839
 1.374797	 0.342305	 0.119857	 -1.058369	 4.880657	 2.267224
 1.373739	 0.347186	 0.122124	 -1.077237	 4.875959	 2.265579
 1.372662	 0.352062	 0.124390	 -1.096077	 4.871198	 2.263904
 1.371565	 0.356933	 0.126654	 -1.114887	 4.866373	 2.262199
 1.370451	 0.361799	 0.128916	 -1.133669	 4.861485	 2.260465
 1.369317	 0.366661	 0.131176	 -1.152421	 4.856535	 2.258701
 1.368165	 0.371517	 0.133435	 -1.171143	 4.851522	 2.256908
 1.366993	 0.376369	 0.135692	 -1.189835	 4.846446	 2.255085
 1.365804	 0.381215	 0.137947	 -1.208497	 4.841308	 2.253232
 1.364595	 0.386057	 0.140200	 -1.227128	 4.836108	 2.251350
 1.363368	 0.390893	 0.142451	 -1.245728	 4.830845	 2.249439
 1.362122	 0.395723	 0.144701	 -1.264298	 4.825521	 2.247499
 1.360858	 0.400549	 0.146948	 -1.282836	 4.820136	 2.245530
 1.359575	 0.405369	 0.149194	 -1.301342	 4.814689	 2.243532
 1.358274	 0.410184	 0.151437	 -1.319816	 4.809180	 2.241504
 1.356954	 0.414993	 0.153679	 -1.338258	 4.803611	 2.239448
 1.355616	 0.419797	 0.155918	 -1.356668	 4.797981	 2.237363
 1.354259	 0.424595	 0.158156	 -1.375045	 4.792290	 2.235250
 1.352884	 0.429387	 0.160391	 -1.393388	 4.786539	 2.233107
 1.351491	 0.434173	 0.162624	 -1.411699	 4.780727	 2.230936
 1.350079	 0.438954	 0.164855	 -1.429976	 4.774856	 2.228737
 1.348649	 0.443729	 0.167084	 -1.448219	 4.768924	 2.226510
 1.347201	 0.448498	 0.169310	 -1.466429	 4.762933	 2.224254
 1.345734	 0.453261	 0.171535	 -1.484604	 4.756882	 2.221969
 1.344250	 0.458018	 0.173757	 -1.502744	 4.750772	 2.219657
 1.342747	 0.462769	 0.175976	 -1.520850	 4.744603	 2.217317
 1.341226	 0.467513	 0.178194	 -1.538921	 4.738375	 2.214949
 1.339687	 0.472252	 0.180408	 -1.556956	 4.732089	 2.212552
 1.338130	 0.476984	 0.182621	 -1.574956	 4.725744	 2.210128
 1.336555	 0.481709	 0.184831	 -1.592920	 4.719340	 2.207677
 1.334962	 0.486429	 0.187039	 -1.610848	 4.712879	 2.205197
 1.333351	 0.491142	 0.189244	 -1.628740	 4.706359	 2.202691
 1.331723	 0.495848	 0.191447	 -1.646595	 4.699782	 2.200156
 1.330076	 0.500548	 0.193647	 -1.664414	 4.693148	 2.197595
 1.328412	 0.505241	 0.195844	 -1.682196	 4.686456	 2.195006
 1.326729	 0.509927	 0.198039	 -1.699940	 4.679707	 2.192390
 1.325030	 0.514607	 0.200232	 -1.717647	 4.672902	 2.189747
 1.323312	 0.519280	 0.202422	 -1.735317	 4.666039	 2.187077
 1.321577	 0.523946	 0.204609	 -1.752948	 4.659120	 2.184380
 1.319824	 0.528605	 0.206793	 -1.770541	 4.652145	 2.181656
 1.318053	 0.533257	 0.208975	 -1.788096	 4.645114	 2.178905
 1.316265	 0.537902	 0.211154	 -1.805613	 4.638028	 2.176128
 1.314459	 0.542540	 0.213330	 -1.823091	 4.630885	 2.173324
 1.312636	 0.547171	 0.215503	 -1.840529	 4.623688	 2.170494
 1.310796	 0.551795	 0.217674	 -1.857929	 4.616435	 2.167638
 1.308938	 0.556411	 0.219841	 -1.875289	 4.609127	 2.164755
 1.307063	 0.561021	 0.222006	 -1.892609	 4.601764	 2.161846
 1.305170	 0.565622	 0.224168	 -1.909889	 4.594347	 2.158911
 1.303260	 0.570217	 0.226327	 -1.927130	 4.586876	 2.155950
 1.301333	 0.574803	 0.228483	 -1.944329	 4.579350	 2.152963
 1.299389	 0.579383	 0.230636	 -1.961489	 4.571771	 2.149950
 1.297427	 0.583955	 0.232786	 -1.978608	 4.564138	 2.146911
 1.295448	 0.588519	 0.234932	 -1.995685	 4.556451	 2.143847
 1.293453	 0.593075	 0.237076	 -2.012722	 4.548711	 2.140758
 1.291440	 0.597624	 0.239217	 -2.029717	 4.540919	 2.137643
 1.289410	 0.602165	 0.241355	 -2.046671	 4.533073	 2.134502
 1.287364	 0.606698	 0.243489	 -2.063583	 4.525175	 2.131337
 1.285300	 0.611223	 0.245621	 -2.080453	 4.517225	 2.128146
 1.283220	 0.615740	 0.247749	 -2.097281	 4.509223	 2.124930
 1.281122	 0.620250	 0.249874	 -2.114066	 4.501168	 2.121689
 1.279008	 0.624751	 0.251995	 -2.130809	 4.493062	 2.118424
 1.276877	 0.629244	 0.254114	 -2.147509	 4.484905	 2.115133
 1.274730	 0.633729	 0.256229	 -2.164167	 4.476696	 2.111818
 1.272566	 0.638205	 0.258341	 -2.180781	 4.468436	 2.108479
 1.270385	 0.642674	 0.260449	 -2.197352	 4.460126	 2.105115
 1.268188	 0.647134	 0.262554	 -2.213879	 4.451765	 2.101726
 1.265974	 0.651586	 0.264656	 -2.230363	 4.443354	 2.098314
 1.263743	 0.656029	 0.266754	 -2.246802	 4.434892	 2.094877
 1.261497	 0.660464	 0.268849	 -2.263198	 4.426381	 2.091416
 1.259233	 0.664890	 0.270941	 -2.279550	 4.417820	 2.087931
 1.256954	 0.669308	 0.273029	 -2.295857	 4.409210	 2.084423
 1.254658	 0.673717	 0.275113	 -2.312119	 4.400550	 2.080890
 1.252346	 0.678118	 0.277194	 -2.328337	 4.391842	 2.077334
 1.250018	 0.682510	 0.279271	 -2.344510	 4.383084	 2.073754
 1.247673	 0.686893	 0.281345	 -2.360638	 4.374279	 2.070151
 1.245312	 0.691267	 0.283415	 -2.376720	 4.365425	 2.066525
 1.242936	 0.695633	 0.285482	 -2.392757	 4.356522	 2.062875
 1.240543	 0.699989	 0.287545	 -2.408748	 4.347573	 2.059202
 1.238134	 0.704337	 0.289604	 -2.424694	 4.338575	 2.055506
 1.235710	 0.708675	 0.291659	 -2.440594	 4.329530	 2.051787
 1.233269	 0.713005	 0.293711	 -2.456447	 4.320438	 2.048045
 1.230812	 0.717325	 0.295759	 -2.472255	 4.311299	 2.044280
 1.228340	 0.721636	 0.297803	 -2.488016	 4.302114	 2.040493
 1.225852	 0.725939	 0.299844	 -2.503730	 4.292882	 2.036683
 1.223348	 0.730231	 0.301881	 -2.519397	 4.283604	 2.032851
 1.220829	 0.734515	 0.303913	 -2.535018	 4.274279	 2.028996
 1.218294	 0.738789	 0.305942	 -2.550592	 4.264910	 2.025120
 1.215743	 0.743054	 0.307967	 -2.566118	 4.255494	 2.021220
 1.213177	 0.747310	 0.309989	 -2.581597	 4.246033	 2.017299
 1.210596	 0.751556	 0.312006	 -2.597029	 4.236528	 2.013356
 1.207999	 0.755792	 0.314019	 -2.612413	 4.226977	 2.009391
 1.205386	 0.760019	 0.316029	 -2.627749	 4.217382	 2.005405
 1.202759	 0.764237	 0.318034	 -2.643037	 4.207742	 2.001397
 1.200116	 0.768444	 0.320036	 -2.658277	 4.198059	 1.997367
 1.197457	 0.772642	 0.322033	 -2.673469	 4.188331	 1.993315
 1.194784	 0.776831	 0.324026	 -2.688613	 4.178560	 1.989243
 1.192095	 0.781009	 0.326015	 -2.703708	 4.168746	 1.985149
 1.189391	 0.785178	 0.328001	 -2.718754	 4.158888	 1.981034
 1.186673	 0.789337	 0.329982	 -2.733752	 4.148987	 1.976898
 1.183939	 0.793486	 0.331959	 -2.748701	 4.139044	 1.972741
 1.181190	 0.797625	 0.333931	 -2.763600	 4.129058	 1.968564
 1.178427	 0.801754	 0.335900	 -2.778451	 4.119030	 1.964365
 1.175648	 0.805873	 0.337864	 -2.793252	 4.108959	 1.960146
 1.172855	 0.809982	 0.339824	 -2.808004	 4.098847	 1.955907
 1.170047	 0.814081	 0.341780	 -2.822706	 4.088694	 1.951647
 1.167224	 0.818170	 0.343732	 -2.837359	 4.078499	 1.947367
 1.164387	 0.822248	 0.345679	 -2.851962	 4.068263	 1.943067
 1.161535	 0.826316	 0.347622	 -2.866515	 4.057986	 1.938746
 1.158668	 0.830374	 0.349561	 -2.881018	 4.047669	 1.934406
 1.155787	 0.834422	 0.351496	 -2.895470	 4.037311	 1.930046
 1.152892	 0.838459	 0.353426	 -2.909873	 4.026913	 1.925665
 1.149982	 0.842486	 0.355351	 -2.924225	 4.016476	 1.921266
 1.147058	 0.846503	 0.357273	 -2.938527	 4.005998	 1.916846
 1.144119	 0.850509	 0.359189	 -2.952778	 3.995481	 1.912408
 1.141166	 0.854504	 0.361102	 -2.966978	 3.984925	 1.907950
 1.138200	 0.858489	 0.363010	 -2.981127	 3.974330	 1.903472
 1.135218	 0.862463	 0.364913	 -2.995226	 3.963696	 1.898976
 1.132223	 0.866427	 0.366812	 -3.009273	 3.953024	 1.894460
 1.129214	 0.870380	 0.368707	 -3.023269	 3.942313	 1.889926
 1.126191	 0.874323	 0.370597	 -3.037215	 3.931565	 1.885373
 1.123153	 0.878254	 0.372482	 -3.051108	 3.920778	 1.880801
 1.120102	 0.882175	 0.374363	 -3.064950	 3.909954	 1.876210
 1.117037	 0.886085	 0.376239	 -3.078741	 3.899093	 1.871601
 1.113959	 0.889984	 0.378111	 -3.092480	 3.888194	 1.866973
 1.110866	 0.893872	 0.379977	 -3.106167	 3.877259	 1.862327
 1.107760	 0.897749	 0.381840	 -3.119803	 3.866287	 1.857663
 1.104640	 0.901616	 0.383697	 -3.133386	 3.855279	 1.852981
 1.101507	 0.905471	 0.385550	 -3.146918	 3.844234	 1.848281
 1.098360	 0.909315	 0.387399	 -3.160397	 3.833154	 1.843563
 1.095199	 0.913148	 0.389242	 -3.173824	 3.822038	 1.838827
 1.092026	 0.916970	 0.391081	 -3.187199	 3.810886	 1.834074
 1.088838	 0.920781	 0.392915	 -3.200522	 3.799700	 1.829302
 1.085638	 0.924581	 0.394745	 -3.213792	 3.788478	 1.824514
 1.082424	 0.928369	 0.396569	 -3.227009	 3.777221	 1.819708
 1.079197	 0.932147	 0.398389	 -3.240174	 3.765930	 1.814885
 1.075957	 0.935913	 0.400204	 -3.253286	 3.754605	 1.810044
 1.072704	 0.939667	 0.402014	 -3.266345	 3.743245	 1.805187
 1.069437	 0.943410	 0.403819	 -3.279352	 3.731852	 1.800313
 1.066158	 0.947142	 0.405619	 -3.292305	 3.720425	 1.795421
 1.062866	 0.950863	 0.407415	 -3.305205	 3.708964	 1.790513
 1.059560	 0.954572	 0.409205	 -3.318053	 3.697471	 1.785589
 1.056242	 0.958269	 0.410991	 -3.330847	 3.685945	 1.780648
 1.052912	 0.961955	 0.412771	 -3.343588	 3.674385	 1.775690
 1.049568	 0.965629	 0.414547	 -3.356275	 3.662794	 1.770716
 1.046212	 0.969292	 0.416318	 -3.368909	 3.651170	 1.765726
 1.042843	 0.972943	 0.418083	 -3.381490	 3.639514	 1.760720
 1.039461	 0.976583	 0.419844	 -3.394017	 3.627827	 1.755698
 1.036067	 0.980211	 0.421600	 -3.406491	 3.616108	 1.750660
 1.032661	 0.983827	 0.423351	 -3.418911	 3.604357	 1.745606
 1.029242	 0.987431	 0.425096	 -3.431277	 3.592576	 1.740536
 1.025811	 0.991024	 0.426837	 -3.443590	 3.580764	 1.735451
 1.022367	 0.994605	 0.428572	 -3.455848	 3.568921	 1.730350
 1.018911	 0.998173	 0.430302	 -3.468053	 3.557048	 1.725234
 1.015443	 1.001731	 0.432028	 -3.480204	 3.545144	 1.720102
 1.011963	 1.005276	 0.433748	 -3.492300	 3.533211	 1.714956
 1.008471	 1.008809	 0.435463	 -3.504343	 3.521248	 1.709794
 1.004966	 1.012330	 0.437173	 -3.516332	 3.509255	 1.704617
 1.001450	 1.015839	 0.438877	 -3.528266	 3.497233	 1.699425
 0.997922	 1.019337	 0.440577	 -3.540146	 3.485182	 1.694219
 0.994381	 1.022822	 0.442271	 -3.551972	 3.473103	 1.688998
 0.990830	 1.026295	 0.443960	 -3.563744	 3.460994	 1.683762
 0.987266	 1.029756	 0.445644	 -3.575461	 3.448858	 1.678512
 0.983690	 1.033205	 0.447322	 -3.587124	 3.436693	 1.673248
 0.980103	 1.036641	 0.448995	 -3.598732	 3.424500	 1.667969
 0.976504	 1.040066	 0.450663	 -3.610286	 3.412280	 1.662676
 0.972894	 1.043478	 0.452326	 -3.621785	 3.400032	 1.657369
 0.969272	 1.046878	 0.453983	 -3.633230	 3.387757	 1.652048
 0.965639	 1.050266	 0.455635	 -3.644620	 3.375455	 1.646713
 0.961995	 1.053641	 0.457282	 -3.655955	 3.363126	 1.641365
 0.958339	 1.057005	 0.458924	 -3.667236	 3.350771	 1.636002
 0.954671	 1.060355	 0.460560	 -3.678462	 3.338389	 1.630627
 0.950993	 1.063694	 0.462190	 -3.689633	 3.325981	 1.625237
 0.947303	 1.067020	 0.463815	 -3.700750	 3.313548	 1.619835
 0.943602	 1.070333	 0.465435	 -3.711811	 3.301088	 1.614419
 0.939891	 1.073634	 0.467050	 -3.722818	 3.288603	 1.608990
 0.936168	 1.076923	 0.468659	 -3.733769	 3.276093	 1.603548
 0.932434	 1.080199	 0.470262	 -3.744666	 3.263558	 1.598093
 0.928689	 1.083463	 0.471860	 -3.755508	 3.250998	 1.592625
 0.924934	 1.086714	 0.473453	 -3.766295	 3.238414	 1.587144
 0.921168	 1.089952	 0.475040	 -3.777027	 3.225805	 1.581651
 0.917391	 1.093178	 0.476622	 -3.787703	 3.213172	 1.576145
 0.913603	 1.096391	 0.478198	 -3.798325	 3.200515	 1.570626
 0.909805	 1.099592	 0.479768	 -3.808892	 3.187834	 1.565096
 0.905996	 1.102779	 0.481334	 -3.819403	 3.175130	 1.559553
 0.902176	 1.105955	 0.482893	 -3.829859	 3.162403	 1.553997
 0.898346	 1.109117	 0.484447	 -3.840260	 3.149652	 1.548430
 0.894506	 1.112267	 0.485996	 -3.850606	 3.136879	 1.542851
 0.890656	 1.115403	 0.487538	 -3.860897	 3.124083	 1.537260
 0.886795	 1.118528	 0.489076	 -3.871133	 3.111265	 1.531657
 0.882924	 1.121639	 0.490607	 -3.881313	 3.098424	 1.526043
 0.879042	 1.124737	 0.492133	 -3.891438	 3.085562	 1.520416
 0.875151	 1.127823	 0.493654	 -3.901508	 3.072677	 1.514779
 0.871249	 1.130895	 0.495169	 -3.911522	 3.059771	 1.509130
 0.867338	 1.133955	 0.496678	 -3.921481	 3.046844	 1.503470
 0.863416	 1.137002	 0.498181	 -3.931385	 3.033896	 1.497798
 0.859485	 1.140036	 0.499679	 -3.941234	 3.020927	 1.492116
 0.855544	 1.143057	 0.501171	 -3.951027	 3.007937	 1.486422
 0.851593	 1.146065	 0.502657	 -3.960765	 2.994926	 1.480718
 0.847632	 1.149060	 0.504138	 -3.970448	 2.981895	 1.475003
 0.843661	 1.152042	 0.505613	 -3.980075	 2.968845	 1.469277
 0.839681	 1.155010	 0.507082	 -3.989647	 2.955774	 1.463540
 0.835692	 1.157966	 0.508546	 -3.999163	 2.942683	 1.457793
 0.831693	 1.160909	 0.510004	 -4.008625	 2.929574	 1.452035
 0.827684	 1.163839	 0.511456	 -4.018031	 2.916444	 1.446268
 0.823666	 1.166755	 0.512902	 -4.027381	 2.903296	 1.440490
 0.819638	 1.169658	 0.514343	 -4.036676	 2.890129	 1.434701
 0.815602	 1.172548	 0.515777	 -4.045916	 2.876944	 1.428903
 0.811556	 1.175425	 0.517206	 -4.055101	 2.863740	 1.423095
 0.807501	 1.178289	 0.518629	 -4.064230	 2.850517	 1.417277
 0.803437	 1.181140	 0.520047	 -4.073304	 2.837277	 1.411449
 0.799363	 1.183977	 0.521458	 -4.082322	 2.824019	 1.405612
 0.795281	 1.186801	 0.522864	 -4.091285	 2.810743	 1.399765
 0.791190	 1.189612	 0.524263	 -4.100193	 2.797450	 1.393908
 0.787089	 1.192409	 0.525657	 -4.109045	 2.784140	 1.388042
 0.782980	 1.195193	 0.527045	 -4.117843	 2.770812	 1.382167
 0.778863	 1.197964	 0.528428	 -4.126584	 2.757468	 1.376283
 0.774736	 1.200722	 0.529804	 -4.135271	 2.744107	 1.370389
 0.770601	 1.203466	 0.531174	 -4.143902	 2.730730	 1.364487
 0.766457	 1.206196	 0.532539	 -4.152478	 2.717337	 1.358576
 0.762304	 1.208914	 0.533897	 -4.160999	 2.703928	 1.352655
 0.758143	 1.211618	 0.535250	 -4.169464	 2.690502	 1.346726
 0.753974	 1.214308	 0.536597	 -4.177875	 2.677062	 1.340789
 0.749796	 1.216985	 0.537937	 -4.186230	 2.663606	 1.334842
 0.745610	 1.219649	 0.539272	 -4.194530	 2.650134	 1.328888
 0.741415	 1.222299	 0.540601	 -4.202774	 2.636648	 1.322925
 0.737212	 1.224936	 0.541924	 -4.210964	 2.623147	 1.316953
 0.733001	 1.227559	 0.543241	 -4.219098	 2.609631	 1.310974
 0.728782	 1.230168	 0.544552	 -4.227177	 2.596100	 1.304986
 0.724555	 1.232764	 0.545857	 -4.235201	 2.582556	 1.298990
 0.720320	 1.235347	 0.547156	 -4.243171	 2.568997	 1.292987
 0.716077	 1.237916	 0.548449	 -4.251084	 2.555425	 1.286975
 0.711826	 1.240471	 0.549736	 -4.258943	 2.541839	 1.280956
 0.707567	 1.243013	 0.551017	 -4.266747	 2.528239	 1.274929
 0.703300	 1.245542	 0.552292	 -4.274496	 2.514626	 1.268895
 0.699026	 1.248056	 0.553561	 -4.282190	 2.501001	 1.262853
 0.694743	 1.250557	 0.554824	 -4.289829	 2.487362	 1.256804
 0.690454	 1.253044	 0.556080	 -4.297413	 2.473710	 1.250747
 0.686156	 1.255518	 0.557331	 -4.304942	 2.460046	 1.244683
 0.681851	 1.257978	 0.558576	 -4.312417	 2.446370	 1.238612
 0.677539	 1.260425	 0.559814	 -4.319836	 2.432681	 1.232534
 0.673219	 1.262857	 0.561047	 -4.327201	 2.418981	 1.226449
 0.668892	 1.265276	 0.562273	 -4.334511	 2.405269	 1.220357
 0.664557	 1.267682	 0.563494	 -4.341766	 2.391545	 1.214258
 0.660215	 1.270073	 0.564708	 -4.348966	 2.377810	 1.208153
 0.655866	 1.272451	 0.565916	 -4.356112	 2.364063	 1.202041
 0.651510	 1.274815	 0.567118	 -4.363203	 2.350306	 1.195922
 0.647147	 1.277165	 0.568314	 -4.370239	 2.336538	 1.189797
 0.642777	 1.279502	 0.569504	 -4.377221	 2.322759	 1.183666
 0.638400	 1.281825	 0.570688	 -4.384148	 2.308969	 1.177528
 0.634016	 1.284134	 0.571865	 -4.391021	 2.295170	 1.171385
 0.629625	 1.286429	 0.573037	 -4.397840	 2.281360	 1.165235
 0.625227	 1.288710	 0.574202	 -4.404603	 2.267540	 1.159079
 0.620822	 1.290978	 0.575361	 -4.411313	 2.253711	 1.152917
 0.616411	 1.293231	 0.576514	 -4.417968	 2.239872	 1.146749
 0.611993	 1.295471	 0.577660	 -4.424569	 2.226023	 1.140576
 0.607568	 1.297697	 0.578801	 -4.431115	 2.212166	 1.134396
 0.603137	 1.299909	 0.579935	 -4.437607	 2.198299	 1.128211
 0.598700	 1.302108	 0.581064	 -4.444046	 2.184423	 1.122021
 0.594255	 1.304292	 0.582186	 -4.450429	 2.170539	 1.115825
 0.589805	 1.306463	 0.583302	 -4.456759	 2.156646	 1.109624
 0.585348	 1.308619	 0.584411	 -4.463035	 2.142745	 1.103418
 0.580885	 1.310762	 0.585515	 -4.469256	 2.128836	 1.097206
 0.576416	 1.312891	 0.586612	 -4.475424	 2.114919	 1.090989
 0.571941	 1.315006	 0.587703	 -4.481538	 2.100994	 1.084767
 0.567459	 1.317107	 0.588788	 -4.487598	 2.087061	 1.078540
 0.562971	 1.319194	 0.589866	 -4.493604	 2.073121	 1.072309
 0.558478	 1.321267	 0.590938	 -4.499556	 2.059173	 1.066072
 0.553978	 1.323326	 0.592004	 -4.505454	 2.045219	 1.059831
 0.549473	 1.325371	 0.593064	 -4.511299	 2.031257	 1.053585
 0.544962	 1.327403	 0.594118	 -4.517090	 2.017289	 1.047335
 0.540444	 1.329420	 0.595165	 -4.522827	 2.003314	 1.041080
 0.535922	 1.331423	 0.596206	 -4.528511	 1.989333	 1.034821
 0.531393	 1.333413	 0.597241	 -4.534141	 1.975345	 1.028557
 0.526859	 1.335388	 0.598270	 -4.539718	 1.961352	 1.022289
 0.522319	 1.337349	 0.599292	 -4.545241	 1.947352	 1.016017
 0.517774	 1.339297	 0.600308	 -4.550711	 1.933347	 1.009741
 0.513223	 1.341230	 0.601318	 -4.556128	 1.919335	 1.003461
 0.508667	 1.343149	 0.602321	 -4.561491	 1.905319	 0.997177
 0.504106	 1.345055	 0.603318	 -4.566801	 1.891297	 0.990889
 0.499539	 1.346946	 0.604309	 -4.572059	 1.877270	 0.984597
 0.494967	 1.348823	 0.605294	 -4.577262	 1.863239	 0.978302
 0.490390	 1.350686	 0.606272	 -4.582413	 1.849202	 0.972003
 0.485807	 1.352536	 0.607244	 -4.587511	 1.835161	 0.965700
 0.481220	 1.354371	 0.608210	 -4.592556	 1.821115	 0.959394
 0.476627	 1.356192	 0.609169	 -4.597548	 1.807065	 0.953085
 0.472030	 1.357999	 0.610122	 -4.602488	 1.793011	 0.946772
 0.467427	 1.359792	 0.611069	 -4.607374	 1.778953	 0.940456
 0.462820	 1.361571	 0.612010	 -4.612208	 1.764891	 0.934137
 0.458207	 1.363336	 0.612944	 -4.616989	 1.750825	 0.927815
 0.453590	 1.365087	 0.613871	 -4.621717	 1.736756	 0.921489
 0.448969	 1.366823	 0.614793	 -4.626393	 1.722684	 0.915161
 0.444342	 1.368546	 0.615708	 -4.631017	 1.708608	 0.908830
 0.439711	 1.370255	 0.616617	 -4.635588	 1.694530	 0.902496
 0.435076	 1.371949	 0.617519	 -4.640107	 1.680448	 0.896159
 0.430436	 1.373630	 0.618416	 -4.644573	 1.666364	 0.889820
 0.425791	 1.375296	 0.619305	 -4.648987	 1.652277	 0.883478
 0.421142	 1.376948	 0.620189	 -4.653349	 1.638188	 0.877133
 0.416489	 1.378586	 0.621066	 -4.657659	 1.624096	 0.870786
 0.411831	 1.380211	 0.621937	 -4.661917	 1.610003	 0.864437
 0.407169	 1.381821	 0.622801	 -4.666123	 1.595907	 0.858085
 0.402503	 1.383416	 0.623659	 -4.670277	 1.581810	 0.851732
 0.397833	 1.384998	 0.624511	 -4.674379	 1.567711	 0.845376
 0.393158	 1.386566	 0.625356	 -4.678429	 1.553610	 0.839018
 0.388480	 1.388120	 0.626195	 -4.682428	 1.539508	 0.832657
 0.383798	 1.389659	 0.627028	 -4.686375	 1.525405	 0.826295
 0.379111	 1.391185	 0.627854	 -4.690270	 1.511301	 0.819931
 0.374421	 1.392696	 0.628674	 -4.694114	 1.497196	 0.813566
 0.369727	 1.394193	 0.629488	 -4.697906	 1.483090	 0.807198
 0.365029	 1.395676	 0.630295	 -4.701647	 1.468983	 0.800829
 0.360327	 1.397145	 0.631096	 -4.705337	 1.454877	 0.794458
 0.355622	 1.398600	 0.631890	 -4.708975	 1.440769	 0.788086
 0.350913	 1.400041	 0.632679	 -4.712562	 1.426662	 0.781712
 0.346200	 1.401467	 0.633460	 -4.716098	 1.412554	 0.775337
 0.341484	 1.402880	 0.634236	 -4.719583	 1.398447	 0.768961
 0.336765	 1.404278	 0.635005	 -4.723017	 1.384340	 0.762583
 0.332042	 1.405663	 0.635767	 -4.726400	 1.370233	 0.756204
 0.327315	 1.407033	 0.636523	 -4.729732	 1.356127	 0.749824
 0.322585	 1.408389	 0.637273	 -4.733013	 1.342022	 0.743443
 0.317852	 1.409731	 0.638017	 -4.736244	 1.327917	 0.737061
 0.313116	 1.411059	 0.638754	 -4.739424	 1.313813	 0.730677
 0.308377	 1.412373	 0.639484	 -4.742553	 1.299711	 0.724294
 0.303634	 1.413673	 0.640209	 -4.745632	 1.285609	 0.717909
 0.298889	 1.414958	 0.640927	 -4.748661	 1.271509	 0.711523
 0.294140	 1.416230	 0.641638	 -4.751639	 1.257411	 0.705137
 0.289388	 1.417487	 0.642343	 -4.754566	 1.243314	 0.698751
 0.284634	 1.418730	 0.643042	 -4.757444	 1.229219	 0.692363
 0.279876	 1.419960	 0.643734	 -4.760271	 1.215126	 0.685976
 0.275116	 1.421175	 0.644420	 -4.763049	 1.201035	 0.679588
 0.270353	 1.422376	 0.645100	 -4.765776	 1.186946	 0.673199
 0.265587	 1.423563	 0.645773	 -4.768454	 1.172860	 0.666810
 0.260819	 1.424736	 0.646440	 -4.771081	 1.158776	 0.660421
 0.256048	 1.425894	 0.647100	 -4.773659	 1.144694	 0.654032
 0.251274	 1.427039	 0.647754	 -4.776187	 1.130616	 0.647643
 0.246498	 1.428170	 0.648402	 -4.778666	 1.116540	 0.641254
 0.241719	 1.429286	 0.649043	 -4.781095	 1.102467	 0.634865
 0.236938	 1.430389	 0.649678	 -4.783474	 1.088397	 0.628476
 0.232155	 1.431477	 0.650307	 -4.785804	 1.074331	 0.622087
 0.227369	 1.432551	 0.650929	 -4.788085	 1.060268	 0.615698
 0.222581	 1.433612	 0.651544	 -4.790316	 1.046208	 0.609309
 0.217790	 1.434658	 0.652154	 -4.792499	 1.032152	 0.602921
 0.212998	 1.435690	 0.652757	 -4.794632	 1.018100	 0.596534
 0.208203	 1.436708	 0.653353	 -4.796716	 1.004052	 0.590147
 0.203407	 1.437712	 0.653943	 -4.798751	 0.990008	 0.583760
 0.198608	 1.438702	 0.654527	 -4.800738	 0.975968	 0.577374
 0.193807	 1.439678	 0.655104	 -4.802675	 0.961932	 0.570988
 0.189004	 1.440640	 0.655675	 -4.804564	 0.947901	 0.564604
 0.184200	 1.441588	 0.656240	 -4.806404	 0.933874	 0.558220
 0.179393	 1.442522	 0.656798	 -4.808196	 0.919852	 0.551836
 0.174585	 1.443442	 0.657350	 -4.809939	 0.905835	 0.545454
 0.169775	 1.444348	 0.657895	 -4.811634	 0.891822	 0.539073
 0.164964	 1.445239	 0.658435	 -4.813280	 0.877815	 0.532693
 0.160150	 1.446117	 0.658967	 -4.814879	 0.863813	 0.526313
 0.155335	 1.446981	 0.659494	 -4.816429	 0.849816	 0.519935
 0.150519	 1.447831	 0.660013	 -4.817931	 0.835824	 0.513558
 0.145701	 1.448667	 0.660527	 -4.819385	 0.821838	 0.507182
 0.140882	 1.449489	 0.661034	 -4.820791	 0.807858	 0.500808
 0.136061	 1.450296	 0.661535	 -4.822149	 0.793883	 0.494435
 0.131239	 1.451090	 0.662029	 -4.823460	 0.779914	 0.488063
 0.126415	 1.451870	 0.662518	 -4.824722	 0.765951	 0.481693
 0.121591	 1.452636	 0.662999	 -4.825938	 0.751995	 0.475324
 0.116765	 1.453388	 0.663475	 -4.827105	 0.738044	 0.468957
 0.111938	 1.454126	 0.663944	 -4.828226	 0.724100	 0.462592
 0.107109	 1.454850	 0.664406	 -4.829299	 0.710162	 0.456228
 0.102280	 1.455560	 0.664862	 -4.830324	 0.696231	 0.449866
 0.097450	 1.456257	 0.665312	 -4.831303	 0.682307	 0.443505
 0.092618	 1.456939	 0.665756	 -4.832234	 0.668389	 0.437147
 0.087786	 1.457607	 0.666193	 -4.833118	 0.654479	 0.430790
 0.082953	 1.458262	 0.666624	 -4.833956	 0.640575	 0.424436
