 -5.384801	 -0.842550	 -0.230045	 0.402758	 -2.378927	 -1.029488
 -5.384398	 -0.844929	 -0.231074	 0.404067	 -2.378722	 -1.029432
 -5.383994	 -0.847308	 -0.232103	 0.405376	 -2.378517	 -1.029376
 -5.383588	 -0.849686	 -0.233133	 0.406686	 -2.378311	 -1.029319
 -5.383182	 -0.852065	 -0.234162	 0.407995	 -2.378104	 -1.029262
 -5.382774	 -0.854443	 -0.235191	 0.409304	 -2.377897	 -1.029206
 -5.382364	 -0.856821	 -0.236221	 0.410613	 -2.377689	 -1.029148
 -5.381954	 -0.859198	 -0.237250	 0.411922	 -2.377481	 -1.029091
 -5.381542	 -0.861576	 -0.238279	 0.413230	 -2.377272	 -1.029033
 -5.381129	 -0.863953	 -0.239308	 0.414539	 -2.377063	 -1.028975
 -5.380714	 -0.866330	 -0.240337	 0.415848	 -2.376852	 -1.028917
 -5.380298	 -0.868707	 -0.241366	 0.417156	 -2.376642	 -1.028859
 -5.379881	 -0.871084	 -0.242395	 0.418464	 -2.376431	 -1.028800
 -5.379463	 -0.873460	 -0.243423	 0.419772	 -2.376219	 -1.028741
 -5.379043	 -0.875836	 -0.244452	 0.421080	 -2.376006	 -1.028682
 -5.378622	 -0.878212	 -0.245481	 0.422388	 -2.375793	 -1.028622
 -5.378199	 -0.880588	 -0.246509	 0.423696	 -2.375580	 -1.028563
 -5.377776	 -0.882964	 -0.247538	 0.425004	 -2.375366	 -1.028503
 -5.377351	 -0.885339	 -0.248567	 0.426312	 -2.375151	 -1.028443
 -5.376924	 -0.887714	 -0.249595	 0.427619	 -2.374936	 -1.028382
 -5.376497	 -0.890089	 -0.250623	 0.428926	 -2.374720	 -1.028321
 -5.376068	 -0.892464	 -0.251652	 0.430234	 -2.374504	 -1.028261
 -5.375638	 -0.894838	 -0.252680	 0.431541	 -2.374287	 -1.028199
 -5.375206	 -0.897213	 -0.253708	 0.432848	 -2.374069	 -1.028138
 -5.374773	 -0.899587	 -0.254736	 0.434155	 -2.373851	 -1.028076
 -5.374339	 -0.901961	 -0.255764	 0.435462	 -2.373632	 -1.028014
 -5.373904	 -0.904334	 -0.256792	 0.436768	 -2.373413	 -1.027952
 -5.373467	 -0.906708	 -0.257820	 0.438075	 -2.373193	 -1.027890
 -5.373029	 -0.909081	 -0.258848	 0.439381	 -2.372972	 -1.027827
 -5.372589	 -0.911454	 -0.259876	 0.440688	 -2.372751	 -1.027764
 -5.372149	 -0.913826	 -0.260904	 0.441994	 -2.372530	 -1.027701
 -5.371707	 -0.916199	 -0.261932	 0.443300	 -2.372308	 -1.027637
 -5.371263	 -0.918571	 -0.262959	 0.444606	 -2.372085	 -1.027574
 -5.370819	 -0.920943	 -0.263987	 0.445912	 -2.371862	 -1.027510
 -5.370373	 -0.923315	 -0.265014	 0.447218	 -2.371638	 -1.027446
 -5.369926	 -0.925687	 -0.266042	 0.448524	 -2.371413	 -1.027381
 -5.369477	 -0.928058	 -0.267069	 0.449829	 -2.371188	 -1.027316
 -5.369027	 -0.930430	 -0.268096	 0.451135	 -2.370962	 -1.027252
 -5.368576	 -0.932800	 -0.269124	 0.452440	 -2.370736	 -1.027186
 -5.368124	 -0.935171	 -0.270151	 0.453745	 -2.370509	 -1.027121
 -5.367670	 -0.937542	 -0.271178	 0.455050	 -2.370282	 -1.027055
 -5.367215	 -0.939912	 -0.272205	 0.456355	 -2.370054	 -1.026989
 -5.366759	 -0.942282	 -0.273232	 0.457660	 -2.369826	 -1.026923
 -5.366301	 -0.944652	 -0.274259	 0.458965	 -2.369597	 -1.026857
 -5.365842	 -0.947021	 -0.275286	 0.460269	 -2.369367	 -1.026790
 -5.365382	 -0.949391	 -0.276313	 0.461574	 -2.369137	 -1.026723
 -5.364920	 -0.951760	 -0.277339	 0.462878	 -2.368906	 -1.026656
 -5.364457	 -0.954129	 -0.278366	 0.464182	 -2.368675	 -1.026589
 -5.363993	 -0.956498	 -0.279393	 0.465486	 -2.368443	 -1.026521
 -5.363528	 -0.958866	 -0.280419	 0.466791	 -2.368210	 -1.026453
 -5.363061	 -0.961234	 -0.281446	 0.468094	 -2.367977	 -1.026385
 -5.362593	 -0.963602	 -0.282472	 0.469398	 -2.367743	 -1.026316
 -5.362123	 -0.965970	 -0.283498	 0.470702	 -2.367509	 -1.026248
 -5.361653	 -0.968337	 -0.284524	 0.472005	 -2.367274	 -1.026179
 -5.361181	 -0.970705	 -0.285551	 0.473309	 -2.367039	 -1.026110
 -5.360707	 -0.973072	 -0.286577	 0.474612	 -2.366803	 -1.026040
 -5.360233	 -0.975439	 -0.287603	 0.475915	 -2.366566	 -1.025971
 -5.359757	 -0.977805	 -0.288629	 0.477218	 -2.366329	 -1.025901
 -5.359279	 -0.980171	 -0.289655	 0.478521	 -2.366091	 -1.025830
 -5.358801	 -0.982538	 -0.290680	 0.479824	 -2.365853	 -1.025760
 -5.358321	 -0.984903	 -0.291706	 0.481126	 -2.365614	 -1.025689
 -5.357840	 -0.987269	 -0.292732	 0.482429	 -2.365375	 -1.025618
 -5.357358	 -0.989634	 -0.293758	 0.483731	 -2.365135	 -1.025547
 -5.356874	 -0.992000	 -0.294783	 0.485034	 -2.364894	 -1.025476
 -5.356389	 -0.994364	 -0.295809	 0.486336	 -2.364653	 -1.025404
 -5.355902	 -0.996729	 -0.296834	 0.487638	 -2.364412	 -1.025332
 -5.355415	 -0.999093	 -0.297859	 0.488940	 -2.364169	 -1.025260
 -5.354926	 -1.001458	 -0.298885	 0.490242	 -2.363926	 -1.025188
 -5.354436	 -1.003822	 -0.299910	 0.491543	 -2.363683	 -1.025115
 -5.353944	 -1.006185	 -0.300935	 0.492845	 -2.363439	 -1.025042
 -5.353451	 -1.008549	 -0.301960	 0.494146	 -2.363194	 -1.024969
 -5.352957	 -1.010912	 -0.302985	 0.495448	 -2.362949	 -1.024896
 -5.352462	 -1.013275	 -0.304010	 0.496749	 -2.362704	 -1.024822
 -5.351965	 -1.015638	 -0.305035	 0.498050	 -2.362457	 -1.024748
 -5.351467	 -1.018000	 -0.306059	 0.499351	 -2.362210	 -1.024674
 -5.350968	 -1.020362	 -0.307084	 0.500651	 -2.361963	 -1.024600
 -5.350467	 -1.022724	 -0.308109	 0.501952	 -2.361715	 -1.024525
 -5.349965	 -1.025086	 -0.309133	 0.503253	 -2.361466	 -1.024450
 -5.349462	 -1.027447	 -0.310158	 0.504553	 -2.361217	 -1.024375
 -5.348957	 -1.029809	 -0.311182	 0.505853	 -2.360967	 -1.024300
 -5.348451	 -1.032170	 -0.312206	 0.507153	 -2.360717	 -1.024224
 -5.347944	 -1.034530	 -0.313231	 0.508453	 -2.360466	 -1.024148
 -5.347436	 -1.036891	 -0.314255	 0.509753	 -2.360215	 -1.024072
 -5.346926	 -1.039251	 -0.315279	 0.511053	 -2.359963	 -1.023996
 -5.346415	 -1.041611	 -0.316303	 0.512353	 -2.359710	 -1.023919
 -5.345902	 -1.043971	 -0.317327	 0.513652	 -2.359457	 -1.023842
 -5.345389	 -1.046330	 -0.318350	 0.514951	 -2.359203	 -1.023765
 -5.344874	 -1.048689	 -0.319374	 0.516251	 -2.358949	 -1.023687
 -5.344358	 -1.051048	 -0.320398	 0.517550	 -2.358694	 -1.023610
 -5.343840	 -1.053407	 -0.321422	 0.518849	 -2.358439	 -1.023532
 -5.343321	 -1.055765	 -0.322445	 0.520147	 -2.358183	 -1.023454
 -5.342801	 -1.058124	 -0.323469	 0.521446	 -2.357926	 -1.023375
 -5.342280	 -1.060481	 -0.324492	 0.522745	 -2.357669	 -1.023297
 -5.341757	 -1.062839	 -0.325515	 0.524043	 -2.357411	 -1.023218
 -5.341233	 -1.065197	 -0.326538	 0.525341	 -2.357153	 -1.023139
 -5.340708	 -1.067554	 -0.327562	 0.526640	 -2.356894	 -1.023060
 -5.340181	 -1.069911	 -0.328585	 0.527938	 -2.356634	 -1.022980
 -5.339653	 -1.072267	 -0.329608	 0.529236	 -2.356374	 -1.022900
 -5.339124	 -1.074624	 -0.330630	 0.530533	 -2.356114	 -1.022820
 -5.338593	 -1.076980	 -0.331653	 0.531831	 -2.355853	 -1.022740
 -5.338061	 -1.079336	 -0.332676	 0.533128	 -2.355591	 -1.022659
 -5.337528	 -1.081691	 -0.333699	 0.534426	 -2.355328	 -1.022578
 -5.336994	 -1.084046	 -0.334721	 0.535723	 -2.355066	 -1.022497
 -5.336458	 -1.086402	 -0.335744	 0.537020	 -2.354802	 -1.022416
 -5.335921	 -1.088756	 -0.336766	 0.538317	 -2.354538	 -1.022334
 -5.335383	 -1.091111	 -0.337789	 0.539614	 -2.354273	 -1.022252
 -5.334843	 -1.093465	 -0.338811	 0.540911	 -2.354008	 -1.022170
 -5.334302	 -1.095819	 -0.339833	 0.542207	 -2.353743	 -1.022088
 -5.333760	 -1.098173	 -0.340855	 0.543504	 -2.353476	 -1.022005
 -5.333216	 -1.100526	 -0.341877	 0.544800	 -2.353209	 -1.021922
 -5.332672	 -1.102880	 -0.342899	 0.546096	 -2.352942	 -1.021839
 -5.332126	 -1.105233	 -0.343921	 0.547392	 -2.352674	 -1.021756
 -5.331578	 -1.107585	 -0.344943	 0.548688	 -2.352405	 -1.021672
 -5.331030	 -1.109938	 -0.345964	 0.549984	 -2.352136	 -1.021589
 -5.330480	 -1.112290	 -0.346986	 0.551279	 -2.351866	 -1.021504
 -5.329928	 -1.114642	 -0.348007	 0.552575	 -2.351596	 -1.021420
 -5.329376	 -1.116993	 -0.349029	 0.553870	 -2.351325	 -1.021336
 -5.328822	 -1.119345	 -0.350050	 0.555165	 -2.351054	 -1.021251
 -5.328267	 -1.121696	 -0.351071	 0.556460	 -2.350782	 -1.021166
 -5.327710	 -1.124046	 -0.352093	 0.557755	 -2.350509	 -1.021080
 -5.327152	 -1.126397	 -0.353114	 0.559050	 -2.350236	 -1.020995
 -5.326593	 -1.128747	 -0.354135	 0.560344	 -2.349962	 -1.020909
 -5.326033	 -1.131097	 -0.355155	 0.561639	 -2.349688	 -1.020823
 -5.325471	 -1.133447	 -0.356176	 0.562933	 -2.349413	 -1.020737
 -5.324908	 -1.135796	 -0.357197	 0.564227	 -2.349137	 -1.020650
 -5.324344	 -1.138145	 -0.358218	 0.565521	 -2.348861	 -1.020563
 -5.323779	 -1.140494	 -0.359238	 0.566815	 -2.348585	 -1.020476
 -5.323212	 -1.142843	 -0.360259	 0.568109	 -2.348308	 -1.020389
 -5.322644	 -1.145191	 -0.361279	 0.569403	 -2.348030	 -1.020301
 -5.322074	 -1.147539	 -0.362299	 0.570696	 -2.347752	 -1.020214
 -5.321504	 -1.149887	 -0.363320	 0.571990	 -2.347473	 -1.020125
 -5.320932	 -1.152234	 -0.364340	 0.573283	 -2.347193	 -1.020037
 -5.320358	 -1.154582	 -0.365360	 0.574576	 -2.346913	 -1.019949
 -5.319784	 -1.156928	 -0.366380	 0.575869	 -2.346633	 -1.019860
 -5.319208	 -1.159275	 -0.367400	 0.577162	 -2.346352	 -1.019771
 -5.318631	 -1.161621	 -0.368419	 0.578454	 -2.346070	 -1.019682
 -5.318052	 -1.163968	 -0.369439	 0.579747	 -2.345788	 -1.019592
 -5.317473	 -1.166313	 -0.370459	 0.581039	 -2.345505	 -1.019502
 -5.316892	 -1.168659	 -0.371478	 0.582331	 -2.345221	 -1.019412
 -5.316309	 -1.171004	 -0.372498	 0.583623	 -2.344937	 -1.019322
 -5.315726	 -1.173349	 -0.373517	 0.584915	 -2.344653	 -1.019231
 -5.315141	 -1.175694	 -0.374536	 0.586207	 -2.344368	 -1.019141
 -5.314554	 -1.178038	 -0.375555	 0.587499	 -2.344082	 -1.019050
 -5.313967	 -1.180382	 -0.376574	 0.588790	 -2.343796	 -1.018958
 -5.313378	 -1.182726	 -0.377593	 0.590081	 -2.343509	 -1.018867
 -5.312788	 -1.185069	 -0.378612	 0.591373	 -2.343221	 -1.018775
 -5.312197	 -1.187413	 -0.379631	 0.592664	 -2.342933	 -1.018683
 -5.311604	 -1.189756	 -0.380650	 0.593954	 -2.342645	 -1.018591
 -5.311010	 -1.192098	 -0.381668	 0.595245	 -2.342356	 -1.018498
 -5.310415	 -1.194441	 -0.382687	 0.596536	 -2.342066	 -1.018406
 -5.309818	 -1.196783	 -0.383705	 0.597826	 -2.341776	 -1.018313
 -5.309221	 -1.199124	 -0.384723	 0.599117	 -2.341485	 -1.018219
 -5.308621	 -1.201466	 -0.385742	 0.600407	 -2.341194	 -1.018126
 -5.308021	 -1.203807	 -0.386760	 0.601697	 -2.340902	 -1.018032
 -5.307419	 -1.206148	 -0.387778	 0.602987	 -2.340609	 -1.017938
 -5.306816	 -1.208489	 -0.388796	 0.604276	 -2.340316	 -1.017844
 -5.306212	 -1.210829	 -0.389814	 0.605566	 -2.340022	 -1.017749
 -5.305606	 -1.213169	 -0.390831	 0.606855	 -2.339728	 -1.017655
 -5.305000	 -1.215509	 -0.391849	 0.608144	 -2.339433	 -1.017560
 -5.304391	 -1.217848	 -0.392867	 0.609434	 -2.339138	 -1.017465
 -5.303782	 -1.220187	 -0.393884	 0.610723	 -2.338842	 -1.017369
 -5.303171	 -1.222526	 -0.394901	 0.612011	 -2.338546	 -1.017273
 -5.302559	 -1.224865	 -0.395919	 0.613300	 -2.338248	 -1.017177
 -5.301946	 -1.227203	 -0.396936	 0.614588	 -2.337951	 -1.017081
 -5.301331	 -1.229541	 -0.397953	 0.615877	 -2.337653	 -1.016985
 -5.300716	 -1.231878	 -0.398970	 0.617165	 -2.337354	 -1.016888
 -5.300098	 -1.234216	 -0.399987	 0.618453	 -2.337055	 -1.016791
 -5.299480	 -1.236553	 -0.401004	 0.619741	 -2.336755	 -1.016694
 -5.298860	 -1.238890	 -0.402020	 0.621029	 -2.336454	 -1.016596
 -5.298239	 -1.241226	 -0.403037	 0.622316	 -2.336153	 -1.016499
 -5.297617	 -1.243562	 -0.404053	 0.623604	 -2.335851	 -1.016401
 -5.296993	 -1.245898	 -0.405070	 0.624891	 -2.335549	 -1.016303
 -5.296368	 -1.248234	 -0.406086	 0.626178	 -2.335247	 -1.016204
 -5.295742	 -1.250569	 -0.407102	 0.627465	 -2.334943	 -1.016106
 -5.295115	 -1.252904	 -0.408118	 0.628752	 -2.334639	 -1.016007
 -5.294486	 -1.255238	 -0.409134	 0.630039	 -2.334335	 -1.015907
 -5.293856	 -1.257573	 -0.410150	 0.631325	 -2.334030	 -1.015808
 -5.293225	 -1.259907	 -0.411166	 0.632611	 -2.333724	 -1.015708
 -5.292592	 -1.262241	 -0.412182	 0.633898	 -2.333418	 -1.015608
 -5.291958	 -1.264574	 -0.413197	 0.635184	 -2.333111	 -1.015508
 -5.291323	 -1.266907	 -0.414213	 0.636470	 -2.332804	 -1.015408
 -5.290686	 -1.269240	 -0.415228	 0.637755	 -2.332496	 -1.015307
 -5.290049	 -1.271572	 -0.416244	 0.639041	 -2.332188	 -1.015206
 -5.289410	 -1.273905	 -0.417259	 0.640326	 -2.331879	 -1.015105
 -5.288769	 -1.276236	 -0.418274	 0.641612	 -2.331569	 -1.015004
 -5.288128	 -1.278568	 -0.419289	 0.642897	 -2.331259	 -1.014902
 -5.287485	 -1.280899	 -0.420304	 0.644182	 -2.330949	 -1.014800
 -5.286841	 -1.283230	 -0.421319	 0.645466	 -2.330637	 -1.014698
 -5.286195	 -1.285561	 -0.422333	 0.646751	 -2.330326	 -1.014596
 -5.285548	 -1.287891	 -0.423348	 0.648036	 -2.330013	 -1.014493
 -5.284900	 -1.290221	 -0.424362	 0.649320	 -2.329700	 -1.014390
 -5.284251	 -1.292551	 -0.425377	 0.650604	 -2.329387	 -1.014287
 -5.283600	 -1.294880	 -0.426391	 0.651888	 -2.329073	 -1.014184
 -5.282949	 -1.297209	 -0.427405	 0.653172	 -2.328758	 -1.014080
 -5.282295	 -1.299538	 -0.428419	 0.654456	 -2.328443	 -1.013976
 -5.281641	 -1.301867	 -0.429433	 0.655739	 -2.328127	 -1.013872
 -5.280985	 -1.304195	 -0.430447	 0.657022	 -2.327811	 -1.013768
 -5.280328	 -1.306522	 -0.431461	 0.658306	 -2.327494	 -1.013663
 -5.279670	 -1.308850	 -0.432475	 0.659589	 -2.327176	 -1.013559
 -5.279010	 -1.311177	 -0.433488	 0.660872	 -2.326858	 -1.013453
 -5.278349	 -1.313504	 -0.434502	 0.662154	 -2.326540	 -1.013348
 -5.277687	 -1.315831	 -0.435515	 0.663437	 -2.326221	 -1.013243
 -5.277024	 -1.318157	 -0.436528	 0.664719	 -2.325901	 -1.013137
 -5.276359	 -1.320483	 -0.437541	 0.666002	 -2.325581	 -1.013031
 -5.275693	 -1.322808	 -0.438554	 0.667284	 -2.325260	 -1.012924
 -5.275026	 -1.325134	 -0.439567	 0.668566	 -2.324938	 -1.012818
 -5.274357	 -1.327458	 -0.440580	 0.669847	 -2.324616	 -1.012711
 -5.273687	 -1.329783	 -0.441593	 0.671129	 -2.324294	 -1.012604
 -5.273016	 -1.332107	 -0.442605	 0.672410	 -2.323971	 -1.012497
 -5.272344	 -1.334431	 -0.443618	 0.673692	 -2.323647	 -1.012389
 -5.271670	 -1.336755	 -0.444630	 0.674973	 -2.323323	 -1.012281
 -5.270995	 -1.339078	 -0.445643	 0.676254	 -2.322998	 -1.012173
 -5.270319	 -1.341401	 -0.446655	 0.677534	 -2.322673	 -1.012065
 -5.269641	 -1.343724	 -0.447667	 0.678815	 -2.322347	 -1.011956
 -5.268963	 -1.346046	 -0.448679	 0.680095	 -2.322020	 -1.011848
 -5.268282	 -1.348368	 -0.449691	 0.681376	 -2.321693	 -1.011739
 -5.267601	 -1.350690	 -0.450702	 0.682656	 -2.321365	 -1.011629
 -5.266918	 -1.353011	 -0.451714	 0.683936	 -2.321037	 -1.011520
 -5.266235	 -1.355332	 -0.452726	 0.685216	 -2.320708	 -1.011410
 -5.265549	 -1.357653	 -0.453737	 0.686495	 -2.320379	 -1.011300
 -5.264863	 -1.359974	 -0.454748	 0.687775	 -2.320049	 -1.011190
 -5.264175	 -1.362294	 -0.455759	 0.689054	 -2.319719	 -1.011079
 -5.263486	 -1.364613	 -0.456771	 0.690333	 -2.319388	 -1.010969
 -5.262796	 -1.366933	 -0.457782	 0.691612	 -2.319056	 -1.010858
 -5.262104	 -1.369252	 -0.458792	 0.692891	 -2.318724	 -1.010746
 -5.261411	 -1.371570	 -0.459803	 0.694169	 -2.318391	 -1.010635
 -5.260717	 -1.373889	 -0.460814	 0.695448	 -2.318058	 -1.010523
 -5.260022	 -1.376207	 -0.461824	 0.696726	 -2.317724	 -1.010411
 -5.259325	 -1.378525	 -0.462835	 0.698004	 -2.317390	 -1.010299
 -5.258627	 -1.380842	 -0.463845	 0.699282	 -2.317055	 -1.010186
 -5.257928	 -1.383159	 -0.464855	 0.700560	 -2.316719	 -1.010074
 -5.257227	 -1.385476	 -0.465865	 0.701838	 -2.316383	 -1.009961
 -5.256525	 -1.387792	 -0.466875	 0.703115	 -2.316047	 -1.009848
 -5.255822	 -1.390108	 -0.467885	 0.704392	 -2.315709	 -1.009734
 -5.255118	 -1.392424	 -0.468895	 0.705669	 -2.315372	 -1.009620
 -5.254412	 -1.394739	 -0.469904	 0.706946	 -2.315033	 -1.009507
 -5.253705	 -1.397054	 -0.470914	 0.708223	 -2.314694	 -1.009392
 -5.252997	 -1.399369	 -0.471923	 0.709500	 -2.314355	 -1.009278
 -5.252287	 -1.401683	 -0.472933	 0.710776	 -2.314015	 -1.009163
 -5.251576	 -1.403997	 -0.473942	 0.712052	 -2.313674	 -1.009048
 -5.250864	 -1.406311	 -0.474951	 0.713328	 -2.313333	 -1.008933
 -5.250151	 -1.408624	 -0.475960	 0.714604	 -2.312991	 -1.008818
 -5.249437	 -1.410937	 -0.476969	 0.715880	 -2.312649	 -1.008702
 -5.248721	 -1.413250	 -0.477977	 0.717156	 -2.312306	 -1.008586
 -5.248003	 -1.415562	 -0.478986	 0.718431	 -2.311963	 -1.008470
 -5.247285	 -1.417874	 -0.479994	 0.719706	 -2.311619	 -1.008354
 -5.246565	 -1.420186	 -0.481003	 0.720981	 -2.311274	 -1.008237
 -5.245844	 -1.422497	 -0.482011	 0.722256	 -2.310929	 -1.008120
 -5.245122	 -1.424808	 -0.483019	 0.723531	 -2.310584	 -1.008003
 -5.244399	 -1.427119	 -0.484027	 0.724805	 -2.310237	 -1.007886
 -5.243674	 -1.429429	 -0.485035	 0.726080	 -2.309891	 -1.007768
 -5.242948	 -1.431739	 -0.486043	 0.727354	 -2.309543	 -1.007650
 -5.242220	 -1.434048	 -0.487050	 0.728628	 -2.309195	 -1.007532
 -5.241492	 -1.436358	 -0.488058	 0.729902	 -2.308847	 -1.007414
 -5.240762	 -1.438666	 -0.489065	 0.731175	 -2.308498	 -1.007295
 -5.240031	 -1.440975	 -0.490073	 0.732449	 -2.308148	 -1.007176
 -5.239298	 -1.443283	 -0.491080	 0.733722	 -2.307798	 -1.007057
 -5.238564	 -1.445591	 -0.492087	 0.734995	 -2.307447	 -1.006938
 -5.237829	 -1.447898	 -0.493094	 0.736268	 -2.307096	 -1.006818
 -5.237093	 -1.450205	 -0.494101	 0.737541	 -2.306744	 -1.006699
 -5.236356	 -1.452512	 -0.495107	 0.738813	 -2.306392	 -1.006578
 -5.235617	 -1.454819	 -0.496114	 0.740086	 -2.306039	 -1.006458
 -5.234877	 -1.457125	 -0.497120	 0.741358	 -2.305685	 -1.006338
 -5.234135	 -1.459430	 -0.498127	 0.742630	 -2.305331	 -1.006217
 -5.233393	 -1.461736	 -0.499133	 0.743902	 -2.304977	 -1.006096
 -5.232649	 -1.464041	 -0.500139	 0.745174	 -2.304622	 -1.005974
 -5.231904	 -1.466345	 -0.501145	 0.746445	 -2.304266	 -1.005853
 -5.231157	 -1.468649	 -0.502151	 0.747716	 -2.303909	 -1.005731
 -5.230410	 -1.470953	 -0.503157	 0.748988	 -2.303553	 -1.005609
 -5.229661	 -1.473257	 -0.504162	 0.750259	 -2.303195	 -1.005487
 -5.228910	 -1.475560	 -0.505168	 0.751529	 -2.302837	 -1.005364
 -5.228159	 -1.477863	 -0.506173	 0.752800	 -2.302479	 -1.005242
 -5.227406	 -1.480165	 -0.507178	 0.754070	 -2.302119	 -1.005119
 -5.226652	 -1.482468	 -0.508183	 0.755341	 -2.301760	 -1.004995
 -5.225897	 -1.484769	 -0.509188	 0.756611	 -2.301400	 -1.004872
 -5.225140	 -1.487071	 -0.510193	 0.757881	 -2.301039	 -1.004748
 -5.224382	 -1.489372	 -0.511198	 0.759150	 -2.300677	 -1.004624
 -5.223623	 -1.491672	 -0.512203	 0.760420	 -2.300315	 -1.004500
 -5.222862	 -1.493973	 -0.513207	 0.761689	 -2.299953	 -1.004375
 -5.222101	 -1.496273	 -0.514211	 0.762958	 -2.299590	 -1.004251
 -5.221338	 -1.498572	 -0.515216	 0.764227	 -2.299226	 -1.004126
 -5.220574	 -1.500872	 -0.516220	 0.765496	 -2.298862	 -1.004001
 -5.219808	 -1.503170	 -0.517224	 0.766765	 -2.298497	 -1.003875
 -5.219041	 -1.505469	 -0.518228	 0.768033	 -2.298132	 -1.003749
 -5.218273	 -1.507767	 -0.519231	 0.769302	 -2.297766	 -1.003624
 -5.217504	 -1.510065	 -0.520235	 0.770570	 -2.297400	 -1.003497
 -5.216733	 -1.512362	 -0.521239	 0.771838	 -2.297033	 -1.003371
 -5.215962	 -1.514659	 -0.522242	 0.773105	 -2.296665	 -1.003244
 -5.215188	 -1.516956	 -0.523245	 0.774373	 -2.296297	 -1.003117
 -5.214414	 -1.519252	 -0.524248	 0.775640	 -2.295929	 -1.002990
 -5.213638	 -1.521548	 -0.525251	 0.776907	 -2.295560	 -1.002863
 -5.212862	 -1.523844	 -0.526254	 0.778174	 -2.295190	 -1.002735
 -5.212083	 -1.526139	 -0.527257	 0.779441	 -2.294820	 -1.002607
 -5.211304	 -1.528434	 -0.528260	 0.780708	 -2.294449	 -1.002479
 -5.210523	 -1.530728	 -0.529262	 0.781974	 -2.294077	 -1.002351
 -5.209741	 -1.533022	 -0.530264	 0.783240	 -2.293705	 -1.002222
 -5.208958	 -1.535316	 -0.531267	 0.784506	 -2.293333	 -1.002093
 -5.208174	 -1.537609	 -0.532269	 0.785772	 -2.292960	 -1.001964
 -5.207388	 -1.539902	 -0.533271	 0.787038	 -2.292586	 -1.001835
 -5.206601	 -1.542195	 -0.534272	 0.788303	 -2.292212	 -1.001705
 -5.205812	 -1.544487	 -0.535274	 0.789569	 -2.291837	 -1.001575
 -5.205023	 -1.546779	 -0.536276	 0.790834	 -2.291462	 -1.001445
 -5.204232	 -1.549070	 -0.537277	 0.792099	 -2.291086	 -1.001315
 -5.203440	 -1.551361	 -0.538278	 0.793363	 -2.290709	 -1.001184
 -5.202647	 -1.553652	 -0.539280	 0.794628	 -2.290332	 -1.001054
 -5.201852	 -1.555942	 -0.540281	 0.795892	 -2.289955	 -1.000923
 -5.201056	 -1.558232	 -0.541282	 0.797157	 -2.289577	 -1.000791
 -5.200259	 -1.560522	 -0.542282	 0.798420	 -2.289198	 -1.000660
 -5.199460	 -1.562811	 -0.543283	 0.799684	 -2.288819	 -1.000528
 -5.198661	 -1.565100	 -0.544284	 0.800948	 -2.288439	 -1.000396
 -5.197860	 -1.567388	 -0.545284	 0.802211	 -2.288058	 -1.000264
 -5.197058	 -1.569676	 -0.546284	 0.803475	 -2.287677	 -1.000131
 -5.196254	 -1.571964	 -0.547284	 0.804738	 -2.287296	 -0.999998
 -5.195449	 -1.574251	 -0.548284	 0.806000	 -2.286914	 -0.999865
 -5.194643	 -1.576538	 -0.549284	 0.807263	 -2.286531	 -0.999732
 -5.193836	 -1.578825	 -0.550284	 0.808525	 -2.286148	 -0.999599
 -5.193028	 -1.581111	 -0.551284	 0.809788	 -2.285765	 -0.999465
 -5.192218	 -1.583397	 -0.552283	 0.811050	 -2.285380	 -0.999331
 -5.191407	 -1.585682	 -0.553282	 0.812312	 -2.284995	 -0.999197
 -5.190594	 -1.587967	 -0.554282	 0.813573	 -2.284610	 -0.999062
 -5.189781	 -1.590252	 -0.555281	 0.814835	 -2.284224	 -0.998927
 -5.188966	 -1.592536	 -0.556280	 0.816096	 -2.283838	 -0.998793
 -5.188150	 -1.594820	 -0.557278	 0.817357	 -2.283451	 -0.998657
 -5.187333	 -1.597103	 -0.558277	 0.818618	 -2.283063	 -0.998522
 -5.186514	 -1.599386	 -0.559276	 0.819879	 -2.282675	 -0.998386
 -5.185694	 -1.601669	 -0.560274	 0.821139	 -2.282286	 -0.998250
 -5.184873	 -1.603951	 -0.561272	 0.822400	 -2.281897	 -0.998114
 -5.184051	 -1.606233	 -0.562270	 0.823660	 -2.281507	 -0.997978
 -5.183227	 -1.608515	 -0.563268	 0.824920	 -2.281117	 -0.997841
 -5.182402	 -1.610796	 -0.564266	 0.826180	 -2.280726	 -0.997704
 -5.181576	 -1.613077	 -0.565264	 0.827439	 -2.280334	 -0.997567
 -5.180748	 -1.615357	 -0.566261	 0.828699	 -2.279942	 -0.997430
 -5.179920	 -1.617637	 -0.567259	 0.829958	 -2.279550	 -0.997292
 -5.179090	 -1.619916	 -0.568256	 0.831217	 -2.279156	 -0.997154
 -5.178258	 -1.622196	 -0.569253	 0.832475	 -2.278763	 -0.997016
 -5.177426	 -1.624474	 -0.570250	 0.833734	 -2.278368	 -0.996878
 -5.176592	 -1.626753	 -0.571247	 0.834992	 -2.277974	 -0.996739
 -5.175757	 -1.629031	 -0.572244	 0.836251	 -2.277578	 -0.996600
 -5.174921	 -1.631308	 -0.573241	 0.837509	 -2.277182	 -0.996461
 -5.174084	 -1.633585	 -0.574237	 0.838766	 -2.276786	 -0.996322
 -5.173245	 -1.635862	 -0.575233	 0.840024	 -2.276389	 -0.996182
 -5.172405	 -1.638139	 -0.576229	 0.841281	 -2.275991	 -0.996042
 -5.171563	 -1.640415	 -0.577226	 0.842538	 -2.275593	 -0.995902
 -5.170721	 -1.642690	 -0.578221	 0.843795	 -2.275194	 -0.995762
 -5.169877	 -1.644965	 -0.579217	 0.845052	 -2.274795	 -0.995622
 -5.169032	 -1.647240	 -0.580213	 0.846309	 -2.274395	 -0.995481
 -5.168186	 -1.649515	 -0.581208	 0.847565	 -2.273995	 -0.995340
 -5.167338	 -1.651789	 -0.582204	 0.848821	 -2.273594	 -0.995198
 -5.166489	 -1.654062	 -0.583199	 0.850077	 -2.273192	 -0.995057
 -5.165639	 -1.656335	 -0.584194	 0.851333	 -2.272790	 -0.994915
 -5.164788	 -1.658608	 -0.585189	 0.852589	 -2.272388	 -0.994773
 -5.163935	 -1.660881	 -0.586184	 0.853844	 -2.271985	 -0.994631
 -5.163082	 -1.663153	 -0.587178	 0.855099	 -2.271581	 -0.994488
 -5.162226	 -1.665424	 -0.588173	 0.856354	 -2.271177	 -0.994346
 -5.161370	 -1.667695	 -0.589167	 0.857609	 -2.270772	 -0.994203
 -5.160512	 -1.669966	 -0.590161	 0.858864	 -2.270366	 -0.994060
 -5.159654	 -1.672236	 -0.591155	 0.860118	 -2.269960	 -0.993916
 -5.158793	 -1.674506	 -0.592149	 0.861372	 -2.269554	 -0.993772
 -5.157932	 -1.676776	 -0.593143	 0.862626	 -2.269147	 -0.993628
 -5.157069	 -1.679045	 -0.594137	 0.863880	 -2.268739	 -0.993484
 -5.156206	 -1.681314	 -0.595130	 0.865134	 -2.268331	 -0.993340
 -5.155340	 -1.683582	 -0.596123	 0.866387	 -2.267923	 -0.993195
 -5.154474	 -1.685850	 -0.597117	 0.867640	 -2.267513	 -0.993050
 -5.153606	 -1.688118	 -0.598110	 0.868893	 -2.267103	 -0.992905
 -5.152738	 -1.690385	 -0.599103	 0.870146	 -2.266693	 -0.992760
 -5.151867	 -1.692651	 -0.600095	 0.871399	 -2.266282	 -0.992614
 -5.150996	 -1.694918	 -0.601088	 0.872651	 -2.265871	 -0.992468
 -5.150123	 -1.697184	 -0.602080	 0.873903	 -2.265459	 -0.992322
 -5.149249	 -1.699449	 -0.603073	 0.875155	 -2.265046	 -0.992176
 -5.148374	 -1.701714	 -0.604065	 0.876407	 -2.264633	 -0.992029
 -5.147498	 -1.703979	 -0.605057	 0.877658	 -2.264219	 -0.991882
 -5.146620	 -1.706243	 -0.606049	 0.878910	 -2.263805	 -0.991735
 -5.145741	 -1.708507	 -0.607041	 0.880161	 -2.263390	 -0.991588
 -5.144861	 -1.710770	 -0.608032	 0.881412	 -2.262975	 -0.991440
 -5.143980	 -1.713033	 -0.609024	 0.882662	 -2.262559	 -0.991293
 -5.143097	 -1.715296	 -0.610015	 0.883913	 -2.262143	 -0.991144
 -5.142213	 -1.717558	 -0.611006	 0.885163	 -2.261726	 -0.990996
 -5.141328	 -1.719819	 -0.611997	 0.886413	 -2.261308	 -0.990848
 -5.140442	 -1.722081	 -0.612988	 0.887663	 -2.260890	 -0.990699
 -5.139554	 -1.724342	 -0.613979	 0.888913	 -2.260471	 -0.990550
 -5.138665	 -1.726602	 -0.614969	 0.890162	 -2.260052	 -0.990401
 -5.137775	 -1.728862	 -0.615960	 0.891411	 -2.259633	 -0.990251
 -5.136883	 -1.731122	 -0.616950	 0.892660	 -2.259212	 -0.990101
 -5.135991	 -1.733381	 -0.617940	 0.893909	 -2.258791	 -0.989951
 -5.135097	 -1.735640	 -0.618930	 0.895158	 -2.258370	 -0.989801
 -5.134202	 -1.737898	 -0.619920	 0.896406	 -2.257948	 -0.989651
 -5.133305	 -1.740156	 -0.620909	 0.897654	 -2.257525	 -0.989500
 -5.132408	 -1.742414	 -0.621899	 0.898902	 -2.257102	 -0.989349
 -5.131509	 -1.744671	 -0.622888	 0.900150	 -2.256679	 -0.989198
 -5.130609	 -1.746927	 -0.623877	 0.901398	 -2.256255	 -0.989046
 -5.129707	 -1.749184	 -0.624866	 0.902645	 -2.255830	 -0.988895
 -5.128805	 -1.751440	 -0.625855	 0.903892	 -2.255405	 -0.988743
 -5.127901	 -1.753695	 -0.626844	 0.905139	 -2.254979	 -0.988591
 -5.126996	 -1.755950	 -0.627833	 0.906386	 -2.254552	 -0.988438
 -5.126089	 -1.758204	 -0.628821	 0.907632	 -2.254126	 -0.988286
 -5.125182	 -1.760459	 -0.629809	 0.908879	 -2.253698	 -0.988133
 -5.124273	 -1.762712	 -0.630797	 0.910125	 -2.253270	 -0.987980
 -5.123363	 -1.764966	 -0.631785	 0.911371	 -2.252841	 -0.987826
 -5.122451	 -1.767218	 -0.632773	 0.912616	 -2.252412	 -0.987673
 -5.121539	 -1.769471	 -0.633761	 0.913862	 -2.251983	 -0.987519
 -5.120625	 -1.771723	 -0.634748	 0.915107	 -2.251552	 -0.987365
 -5.119710	 -1.773974	 -0.635736	 0.916352	 -2.251122	 -0.987210
 -5.118793	 -1.776226	 -0.636723	 0.917597	 -2.250690	 -0.987056
 -5.117876	 -1.778476	 -0.637710	 0.918842	 -2.250258	 -0.986901
 -5.116957	 -1.780726	 -0.638697	 0.920086	 -2.249826	 -0.986746
 -5.116037	 -1.782976	 -0.639684	 0.921330	 -2.249393	 -0.986591
 -5.115115	 -1.785226	 -0.640670	 0.922574	 -2.248960	 -0.986435
 -5.114193	 -1.787475	 -0.641657	 0.923818	 -2.248525	 -0.986279
 -5.113269	 -1.789723	 -0.642643	 0.925061	 -2.248091	 -0.986123
 -5.112344	 -1.791971	 -0.643629	 0.926305	 -2.247656	 -0.985967
 -5.111418	 -1.794219	 -0.644615	 0.927548	 -2.247220	 -0.985810
 -5.110490	 -1.796466	 -0.645601	 0.928791	 -2.246784	 -0.985654
 -5.109561	 -1.798713	 -0.646587	 0.930033	 -2.246347	 -0.985497
 -5.108631	 -1.800959	 -0.647572	 0.931276	 -2.245909	 -0.985339
 -5.107700	 -1.803205	 -0.648557	 0.932518	 -2.245472	 -0.985182
 -5.106767	 -1.805451	 -0.649543	 0.933760	 -2.245033	 -0.985024
 -5.105834	 -1.807696	 -0.650528	 0.935002	 -2.244594	 -0.984866
 -5.104899	 -1.809940	 -0.651513	 0.936243	 -2.244155	 -0.984708
 -5.103962	 -1.812184	 -0.652497	 0.937485	 -2.243714	 -0.984550
 -5.103025	 -1.814428	 -0.653482	 0.938726	 -2.243274	 -0.984391
 -5.102086	 -1.816671	 -0.654466	 0.939967	 -2.242833	 -0.984232
 -5.101146	 -1.818914	 -0.655450	 0.941207	 -2.242391	 -0.984073
 -5.100205	 -1.821157	 -0.656434	 0.942448	 -2.241948	 -0.983914
 -5.099263	 -1.823399	 -0.657418	 0.943688	 -2.241506	 -0.983754
 -5.098319	 -1.825640	 -0.658402	 0.944928	 -2.241062	 -0.983594
 -5.097374	 -1.827881	 -0.659386	 0.946168	 -2.240618	 -0.983434
 -5.096428	 -1.830122	 -0.660369	 0.947407	 -2.240174	 -0.983274
 -5.095480	 -1.832362	 -0.661352	 0.948647	 -2.239729	 -0.983113
 -5.094532	 -1.834602	 -0.662336	 0.949886	 -2.239283	 -0.982952
 -5.093582	 -1.836841	 -0.663319	 0.951125	 -2.238837	 -0.982791
 -5.092631	 -1.839080	 -0.664301	 0.952364	 -2.238390	 -0.982630
 -5.091678	 -1.841318	 -0.665284	 0.953602	 -2.237943	 -0.982468
 -5.090725	 -1.843556	 -0.666266	 0.954840	 -2.237495	 -0.982307
 -5.089770	 -1.845794	 -0.667249	 0.956078	 -2.237047	 -0.982145
 -5.088814	 -1.848031	 -0.668231	 0.957316	 -2.236598	 -0.981982
 -5.087857	 -1.850267	 -0.669213	 0.958554	 -2.236148	 -0.981820
 -5.086898	 -1.852503	 -0.670195	 0.959791	 -2.235698	 -0.981657
 -5.085938	 -1.854739	 -0.671176	 0.961028	 -2.235248	 -0.981494
 -5.084977	 -1.856974	 -0.672158	 0.962265	 -2.234797	 -0.981331
 -5.084015	 -1.859209	 -0.673139	 0.963502	 -2.234345	 -0.981167
 -5.083051	 -1.861443	 -0.674120	 0.964738	 -2.233893	 -0.981004
 -5.082087	 -1.863677	 -0.675101	 0.965975	 -2.233440	 -0.980840
 -5.081121	 -1.865911	 -0.676082	 0.967211	 -2.232987	 -0.980675
 -5.080153	 -1.868144	 -0.677063	 0.968446	 -2.232533	 -0.980511
 -5.079185	 -1.870376	 -0.678043	 0.969682	 -2.232079	 -0.980346
 -5.078215	 -1.872608	 -0.679024	 0.970917	 -2.231624	 -0.980181
 -5.077244	 -1.874840	 -0.680004	 0.972153	 -2.231168	 -0.980016
 -5.076272	 -1.877071	 -0.680984	 0.973387	 -2.230712	 -0.979851
 -5.075299	 -1.879302	 -0.681964	 0.974622	 -2.230256	 -0.979685
 -5.074324	 -1.881532	 -0.682943	 0.975857	 -2.229799	 -0.979519
 -5.073348	 -1.883762	 -0.683923	 0.977091	 -2.229341	 -0.979353
 -5.072371	 -1.885991	 -0.684902	 0.978325	 -2.228883	 -0.979187
 -5.071393	 -1.888220	 -0.685881	 0.979559	 -2.228424	 -0.979020
 -5.070413	 -1.890449	 -0.686860	 0.980792	 -2.227965	 -0.978853
 -5.069433	 -1.892677	 -0.687839	 0.982025	 -2.227505	 -0.978686
 -5.068451	 -1.894904	 -0.688818	 0.983259	 -2.227045	 -0.978519
 -5.067467	 -1.897131	 -0.689797	 0.984491	 -2.226584	 -0.978352
 -5.066483	 -1.899358	 -0.690775	 0.985724	 -2.226122	 -0.978184
 -5.065497	 -1.901584	 -0.691753	 0.986956	 -2.225660	 -0.978016
 -5.064510	 -1.903810	 -0.692731	 0.988189	 -2.225198	 -0.977847
 -5.063522	 -1.906035	 -0.693709	 0.989421	 -2.224735	 -0.977679
 -5.062533	 -1.908259	 -0.694687	 0.990652	 -2.224271	 -0.977510
 -5.061542	 -1.910484	 -0.695664	 0.991884	 -2.223807	 -0.977341
 -5.060550	 -1.912708	 -0.696641	 0.993115	 -2.223342	 -0.977172
 -5.059557	 -1.914931	 -0.697619	 0.994346	 -2.222877	 -0.977003
 -5.058563	 -1.917154	 -0.698596	 0.995577	 -2.222411	 -0.976833
 -5.057567	 -1.919376	 -0.699572	 0.996807	 -2.221945	 -0.976663
 -5.056570	 -1.921598	 -0.700549	 0.998038	 -2.221478	 -0.976493
 -5.055572	 -1.923820	 -0.701526	 0.999268	 -2.221010	 -0.976322
 -5.054573	 -1.926041	 -0.702502	 1.000498	 -2.220542	 -0.976152
 -5.053572	 -1.928261	 -0.703478	 1.001727	 -2.220074	 -0.975981
 -5.052571	 -1.930481	 -0.704454	 1.002957	 -2.219605	 -0.975810
 -5.051568	 -1.932701	 -0.705430	 1.004186	 -2.219135	 -0.975638
 -5.050564	 -1.934920	 -0.706406	 1.005415	 -2.218665	 -0.975467
 -5.049558	 -1.937139	 -0.707381	 1.006644	 -2.218194	 -0.975295
 -5.048551	 -1.939357	 -0.708356	 1.007872	 -2.217723	 -0.975123
 -5.047544	 -1.941575	 -0.709331	 1.009100	 -2.217251	 -0.974950
 -5.046534	 -1.943792	 -0.710306	 1.010328	 -2.216779	 -0.974778
 -5.045524	 -1.946009	 -0.711281	 1.011556	 -2.216306	 -0.974605
 -5.044513	 -1.948225	 -0.712256	 1.012784	 -2.215832	 -0.974432
 -5.043500	 -1.950441	 -0.713230	 1.014011	 -2.215358	 -0.974259
 -5.042486	 -1.952656	 -0.714204	 1.015238	 -2.214884	 -0.974085
 -5.041471	 -1.954871	 -0.715179	 1.016465	 -2.214409	 -0.973911
 -5.040454	 -1.957085	 -0.716152	 1.017691	 -2.213933	 -0.973737
 -5.039436	 -1.959299	 -0.717126	 1.018918	 -2.213457	 -0.973563
 -5.038417	 -1.961513	 -0.718100	 1.020144	 -2.212980	 -0.973389
 -5.037397	 -1.963726	 -0.719073	 1.021370	 -2.212503	 -0.973214
 -5.036376	 -1.965938	 -0.720046	 1.022595	 -2.212025	 -0.973039
 -5.035353	 -1.968150	 -0.721019	 1.023821	 -2.211547	 -0.972864
 -5.034330	 -1.970362	 -0.721992	 1.025046	 -2.211068	 -0.972688
 -5.033305	 -1.972573	 -0.722965	 1.026271	 -2.210588	 -0.972513
 -5.032278	 -1.974783	 -0.723937	 1.027496	 -2.210108	 -0.972337
 -5.031251	 -1.976994	 -0.724910	 1.028720	 -2.209628	 -0.972160
 -5.030222	 -1.979203	 -0.725882	 1.029944	 -2.209147	 -0.971984
 -5.029192	 -1.981412	 -0.726854	 1.031168	 -2.208665	 -0.971807
 -5.028161	 -1.983621	 -0.727826	 1.032392	 -2.208183	 -0.971631
 -5.027129	 -1.985829	 -0.728797	 1.033616	 -2.207700	 -0.971454
 -5.026095	 -1.988037	 -0.729769	 1.034839	 -2.207217	 -0.971276
 -5.025060	 -1.990244	 -0.730740	 1.036062	 -2.206734	 -0.971099
 -5.024024	 -1.992451	 -0.731711	 1.037285	 -2.206249	 -0.970921
 -5.022987	 -1.994657	 -0.732682	 1.038507	 -2.205764	 -0.970743
 -5.021948	 -1.996863	 -0.733653	 1.039730	 -2.205279	 -0.970564
 -5.020908	 -1.999068	 -0.734623	 1.040952	 -2.204793	 -0.970386
 -5.019868	 -2.001273	 -0.735594	 1.042174	 -2.204307	 -0.970207
 -5.018825	 -2.003477	 -0.736564	 1.043395	 -2.203820	 -0.970028
 -5.017782	 -2.005681	 -0.737534	 1.044617	 -2.203332	 -0.969849
 -5.016737	 -2.007884	 -0.738504	 1.045838	 -2.202844	 -0.969669
 -5.015692	 -2.010087	 -0.739474	 1.047059	 -2.202355	 -0.969490
 -5.014644	 -2.012290	 -0.740443	 1.048279	 -2.201866	 -0.969310
 -5.013596	 -2.014491	 -0.741412	 1.049500	 -2.201376	 -0.969129
 -5.012547	 -2.016693	 -0.742382	 1.050720	 -2.200886	 -0.968949
 -5.011496	 -2.018894	 -0.743350	 1.051940	 -2.200395	 -0.968768
 -5.010444	 -2.021094	 -0.744319	 1.053159	 -2.199904	 -0.968587
 -5.009391	 -2.023294	 -0.745288	 1.054379	 -2.199412	 -0.968406
 -5.008336	 -2.025493	 -0.746256	 1.055598	 -2.198920	 -0.968225
 -5.007281	 -2.027692	 -0.747224	 1.056817	 -2.198427	 -0.968043
 -5.006224	 -2.029891	 -0.748192	 1.058036	 -2.197933	 -0.967861
 -5.005166	 -2.032089	 -0.749160	 1.059254	 -2.197439	 -0.967679
 -5.004107	 -2.034286	 -0.750128	 1.060472	 -2.196944	 -0.967497
 -5.003046	 -2.036483	 -0.751096	 1.061690	 -2.196449	 -0.967314
 -5.001985	 -2.038680	 -0.752063	 1.062908	 -2.195954	 -0.967132
 -5.000922	 -2.040875	 -0.753030	 1.064125	 -2.195457	 -0.966949
 -4.999858	 -2.043071	 -0.753997	 1.065343	 -2.194961	 -0.966765
 -4.998792	 -2.045266	 -0.754964	 1.066560	 -2.194463	 -0.966582
 -4.997726	 -2.047460	 -0.755930	 1.067776	 -2.193966	 -0.966398
 -4.996658	 -2.049654	 -0.756897	 1.068993	 -2.193467	 -0.966214
 -4.995589	 -2.051848	 -0.757863	 1.070209	 -2.192968	 -0.966030
 -4.994519	 -2.054041	 -0.758829	 1.071425	 -2.192469	 -0.965845
 -4.993447	 -2.056233	 -0.759795	 1.072641	 -2.191969	 -0.965661
 -4.992375	 -2.058425	 -0.760760	 1.073856	 -2.191468	 -0.965476
 -4.991301	 -2.060617	 -0.761726	 1.075072	 -2.190967	 -0.965290
 -4.990226	 -2.062808	 -0.762691	 1.076287	 -2.190466	 -0.965105
 -4.989149	 -2.064998	 -0.763656	 1.077501	 -2.189964	 -0.964919
 -4.988072	 -2.067188	 -0.764621	 1.078716	 -2.189461	 -0.964733
 -4.986993	 -2.069378	 -0.765586	 1.079930	 -2.188958	 -0.964547
 -4.985913	 -2.071566	 -0.766550	 1.081144	 -2.188454	 -0.964361
 -4.984832	 -2.073755	 -0.767515	 1.082358	 -2.187950	 -0.964174
 -4.983750	 -2.075943	 -0.768479	 1.083571	 -2.187445	 -0.963987
 -4.982666	 -2.078130	 -0.769443	 1.084785	 -2.186939	 -0.963800
 -4.981581	 -2.080317	 -0.770407	 1.085998	 -2.186433	 -0.963613
 -4.980495	 -2.082504	 -0.771370	 1.087210	 -2.185927	 -0.963426
 -4.979408	 -2.084690	 -0.772334	 1.088423	 -2.185420	 -0.963238
 -4.978320	 -2.086875	 -0.773297	 1.089635	 -2.184912	 -0.963050
 -4.977230	 -2.089060	 -0.774260	 1.090847	 -2.184404	 -0.962861
 -4.976139	 -2.091244	 -0.775223	 1.092059	 -2.183896	 -0.962673
 -4.975047	 -2.093428	 -0.776186	 1.093271	 -2.183387	 -0.962484
 -4.973954	 -2.095612	 -0.777148	 1.094482	 -2.182877	 -0.962295
 -4.972859	 -2.097795	 -0.778110	 1.095693	 -2.182367	 -0.962106
 -4.971764	 -2.099977	 -0.779073	 1.096904	 -2.181856	 -0.961917
 -4.970667	 -2.102159	 -0.780034	 1.098114	 -2.181345	 -0.961727
 -4.969569	 -2.104340	 -0.780996	 1.099324	 -2.180833	 -0.961537
 -4.968469	 -2.106521	 -0.781958	 1.100534	 -2.180320	 -0.961347
 -4.967369	 -2.108701	 -0.782919	 1.101744	 -2.179808	 -0.961156
 -4.966267	 -2.110881	 -0.783880	 1.102954	 -2.179294	 -0.960966
 -4.965164	 -2.113060	 -0.784841	 1.104163	 -2.178780	 -0.960775
 -4.964060	 -2.115239	 -0.785802	 1.105372	 -2.178266	 -0.960584
 -4.962955	 -2.117417	 -0.786763	 1.106581	 -2.177751	 -0.960392
 -4.961848	 -2.119595	 -0.787723	 1.107789	 -2.177235	 -0.960201
 -4.960740	 -2.121772	 -0.788683	 1.108997	 -2.176719	 -0.960009
 -4.959631	 -2.123949	 -0.789643	 1.110205	 -2.176202	 -0.959817
 -4.958521	 -2.126125	 -0.790603	 1.111413	 -2.175685	 -0.959625
 -4.957410	 -2.128301	 -0.791563	 1.112620	 -2.175167	 -0.959432
 -4.956297	 -2.130476	 -0.792522	 1.113828	 -2.174649	 -0.959239
 -4.955183	 -2.132651	 -0.793481	 1.115035	 -2.174130	 -0.959046
 -4.954068	 -2.134825	 -0.794440	 1.116241	 -2.173611	 -0.958853
 -4.952952	 -2.136999	 -0.795399	 1.117448	 -2.173091	 -0.958660
 -4.951835	 -2.139172	 -0.796358	 1.118654	 -2.172571	 -0.958466
 -4.950716	 -2.141344	 -0.797316	 1.119860	 -2.172050	 -0.958272
 -4.949596	 -2.143516	 -0.798275	 1.121065	 -2.171528	 -0.958078
 -4.948475	 -2.145688	 -0.799233	 1.122271	 -2.171006	 -0.957884
 -4.947353	 -2.147859	 -0.800191	 1.123476	 -2.170484	 -0.957689
 -4.946229	 -2.150029	 -0.801148	 1.124681	 -2.169960	 -0.957494
 -4.945105	 -2.152199	 -0.802106	 1.125886	 -2.169437	 -0.957299
 -4.943979	 -2.154369	 -0.803063	 1.127090	 -2.168913	 -0.957104
 -4.942852	 -2.156538	 -0.804020	 1.128294	 -2.168388	 -0.956908
 -4.941723	 -2.158706	 -0.804977	 1.129498	 -2.167863	 -0.956712
 -4.940594	 -2.160874	 -0.805934	 1.130701	 -2.167337	 -0.956516
 -4.939463	 -2.163041	 -0.806890	 1.131905	 -2.166811	 -0.956320
 -4.938331	 -2.165208	 -0.807847	 1.133108	 -2.166284	 -0.956123
 -4.937198	 -2.167374	 -0.808803	 1.134311	 -2.165756	 -0.955926
 -4.936064	 -2.169540	 -0.809759	 1.135513	 -2.165228	 -0.955729
 -4.934928	 -2.171705	 -0.810714	 1.136716	 -2.164700	 -0.955532
 -4.933791	 -2.173870	 -0.811670	 1.137918	 -2.164171	 -0.955335
 -4.932654	 -2.176034	 -0.812625	 1.139119	 -2.163642	 -0.955137
 -4.931514	 -2.178198	 -0.813580	 1.140321	 -2.163112	 -0.954939
 -4.930374	 -2.180361	 -0.814535	 1.141522	 -2.162581	 -0.954741
 -4.929233	 -2.182523	 -0.815490	 1.142723	 -2.162050	 -0.954543
 -4.928090	 -2.184686	 -0.816445	 1.143924	 -2.161518	 -0.954344
 -4.926946	 -2.186847	 -0.817399	 1.145124	 -2.160986	 -0.954145
 -4.925801	 -2.189008	 -0.818353	 1.146325	 -2.160453	 -0.953946
 -4.924655	 -2.191168	 -0.819307	 1.147524	 -2.159920	 -0.953747
 -4.923507	 -2.193328	 -0.820261	 1.148724	 -2.159386	 -0.953547
 -4.922358	 -2.195488	 -0.821214	 1.149924	 -2.158852	 -0.953347
 -4.921208	 -2.197647	 -0.822168	 1.151123	 -2.158317	 -0.953147
 -4.920057	 -2.199805	 -0.823121	 1.152322	 -2.157782	 -0.952947
 -4.918905	 -2.201963	 -0.824074	 1.153520	 -2.157246	 -0.952746
 -4.917751	 -2.204120	 -0.825027	 1.154719	 -2.156709	 -0.952545
 -4.916597	 -2.206277	 -0.825979	 1.155917	 -2.156172	 -0.952344
 -4.915441	 -2.208433	 -0.826931	 1.157115	 -2.155635	 -0.952143
 -4.914284	 -2.210588	 -0.827884	 1.158312	 -2.155097	 -0.951942
 -4.913125	 -2.212744	 -0.828835	 1.159509	 -2.154558	 -0.951740
 -4.911966	 -2.214898	 -0.829787	 1.160706	 -2.154019	 -0.951538
 -4.910805	 -2.217052	 -0.830739	 1.161903	 -2.153479	 -0.951336
 -4.909643	 -2.219206	 -0.831690	 1.163100	 -2.152939	 -0.951134
 -4.908480	 -2.221359	 -0.832641	 1.164296	 -2.152399	 -0.950931
 -4.907316	 -2.223511	 -0.833592	 1.165492	 -2.151857	 -0.950728
 -4.906150	 -2.225663	 -0.834543	 1.166688	 -2.151316	 -0.950525
 -4.904984	 -2.227814	 -0.835493	 1.167883	 -2.150773	 -0.950322
 -4.903816	 -2.229965	 -0.836444	 1.169078	 -2.150230	 -0.950118
 -4.902647	 -2.232115	 -0.837394	 1.170273	 -2.149687	 -0.949914
 -4.901476	 -2.234265	 -0.838344	 1.171468	 -2.149143	 -0.949710
 -4.900305	 -2.236414	 -0.839293	 1.172662	 -2.148599	 -0.949506
 -4.899132	 -2.238563	 -0.840243	 1.173856	 -2.148054	 -0.949301
 -4.897958	 -2.240711	 -0.841192	 1.175050	 -2.147508	 -0.949097
 -4.896783	 -2.242858	 -0.842141	 1.176244	 -2.146962	 -0.948892
 -4.895607	 -2.245005	 -0.843090	 1.177437	 -2.146416	 -0.948686
 -4.894430	 -2.247152	 -0.844039	 1.178630	 -2.145869	 -0.948481
 -4.893251	 -2.249297	 -0.844987	 1.179823	 -2.145321	 -0.948275
 -4.892071	 -2.251443	 -0.845936	 1.181015	 -2.144773	 -0.948069
 -4.890890	 -2.253588	 -0.846884	 1.182207	 -2.144224	 -0.947863
 -4.889708	 -2.255732	 -0.847832	 1.183399	 -2.143675	 -0.947657
 -4.888525	 -2.257875	 -0.848779	 1.184591	 -2.143125	 -0.947450
 -4.887340	 -2.260019	 -0.849727	 1.185782	 -2.142575	 -0.947243
 -4.886154	 -2.262161	 -0.850674	 1.186973	 -2.142024	 -0.947036
 -4.884967	 -2.264303	 -0.851621	 1.188164	 -2.141473	 -0.946829
 -4.883779	 -2.266445	 -0.852568	 1.189355	 -2.140921	 -0.946621
 -4.882590	 -2.268586	 -0.853514	 1.190545	 -2.140368	 -0.946414
 -4.881399	 -2.270726	 -0.854461	 1.191735	 -2.139816	 -0.946205
 -4.880207	 -2.272866	 -0.855407	 1.192925	 -2.139262	 -0.945997
 -4.879015	 -2.275005	 -0.856353	 1.194114	 -2.138708	 -0.945789
 -4.877820	 -2.277144	 -0.857299	 1.195304	 -2.138154	 -0.945580
 -4.876625	 -2.279282	 -0.858244	 1.196493	 -2.137599	 -0.945371
 -4.875429	 -2.281419	 -0.859190	 1.197681	 -2.137043	 -0.945162
 -4.874231	 -2.283556	 -0.860135	 1.198870	 -2.136487	 -0.944952
 -4.873032	 -2.285693	 -0.861080	 1.200058	 -2.135930	 -0.944743
 -4.871832	 -2.287829	 -0.862025	 1.201246	 -2.135373	 -0.944533
 -4.870631	 -2.289964	 -0.862969	 1.202433	 -2.134815	 -0.944323
 -4.869428	 -2.292099	 -0.863914	 1.203621	 -2.134257	 -0.944112
 -4.868225	 -2.294233	 -0.864858	 1.204808	 -2.133698	 -0.943902
 -4.867020	 -2.296367	 -0.865802	 1.205994	 -2.133139	 -0.943691
 -4.865814	 -2.298500	 -0.866745	 1.207181	 -2.132579	 -0.943480
 -4.864607	 -2.300633	 -0.867689	 1.208367	 -2.132019	 -0.943269
 -4.863398	 -2.302765	 -0.868632	 1.209553	 -2.131458	 -0.943057
 -4.862189	 -2.304896	 -0.869575	 1.210739	 -2.130897	 -0.942845
 -4.860978	 -2.307027	 -0.870518	 1.211924	 -2.130335	 -0.942633
 -4.859766	 -2.309157	 -0.871461	 1.213109	 -2.129772	 -0.942421
 -4.858553	 -2.311287	 -0.872403	 1.214294	 -2.129209	 -0.942209
 -4.857339	 -2.313416	 -0.873345	 1.215478	 -2.128646	 -0.941996
 -4.856123	 -2.315545	 -0.874287	 1.216663	 -2.128082	 -0.941783
 -4.854907	 -2.317673	 -0.875229	 1.217847	 -2.127517	 -0.941570
 -4.853689	 -2.319801	 -0.876171	 1.219030	 -2.126952	 -0.941356
 -4.852470	 -2.321928	 -0.877112	 1.220214	 -2.126387	 -0.941143
 -4.851250	 -2.324054	 -0.878053	 1.221397	 -2.125821	 -0.940929
 -4.850028	 -2.326180	 -0.878994	 1.222580	 -2.125254	 -0.940715
 -4.848806	 -2.328305	 -0.879935	 1.223762	 -2.124687	 -0.940501
 -4.847582	 -2.330430	 -0.880875	 1.224945	 -2.124119	 -0.940286
 -4.846357	 -2.332554	 -0.881815	 1.226127	 -2.123551	 -0.940071
 -4.845131	 -2.334677	 -0.882756	 1.227308	 -2.122982	 -0.939856
 -4.843903	 -2.336800	 -0.883695	 1.228490	 -2.122413	 -0.939641
 -4.842675	 -2.338923	 -0.884635	 1.229671	 -2.121843	 -0.939425
 -4.841445	 -2.341045	 -0.885574	 1.230852	 -2.121272	 -0.939210
 -4.840214	 -2.343166	 -0.886514	 1.232033	 -2.120702	 -0.938994
 -4.838982	 -2.345287	 -0.887453	 1.233213	 -2.120130	 -0.938778
 -4.837749	 -2.347407	 -0.888391	 1.234393	 -2.119558	 -0.938561
 -4.836515	 -2.349526	 -0.889330	 1.235573	 -2.118986	 -0.938344
 -4.835279	 -2.351645	 -0.890268	 1.236752	 -2.118413	 -0.938128
 -4.834042	 -2.353764	 -0.891206	 1.237931	 -2.117839	 -0.937910
 -4.832804	 -2.355882	 -0.892144	 1.239110	 -2.117265	 -0.937693
 -4.831565	 -2.357999	 -0.893082	 1.240289	 -2.116691	 -0.937476
 -4.830325	 -2.360116	 -0.894020	 1.241467	 -2.116116	 -0.937258
 -4.829084	 -2.362232	 -0.894957	 1.242646	 -2.115540	 -0.937040
 -4.827841	 -2.364347	 -0.895894	 1.243823	 -2.114964	 -0.936821
 -4.826597	 -2.366462	 -0.896831	 1.245001	 -2.114387	 -0.936603
 -4.825352	 -2.368577	 -0.897767	 1.246178	 -2.113810	 -0.936384
 -4.824106	 -2.370690	 -0.898704	 1.247355	 -2.113232	 -0.936165
 -4.822859	 -2.372804	 -0.899640	 1.248532	 -2.112654	 -0.935946
 -4.821610	 -2.374916	 -0.900576	 1.249708	 -2.112075	 -0.935727
 -4.820360	 -2.377028	 -0.901511	 1.250884	 -2.111496	 -0.935507
 -4.819109	 -2.379140	 -0.902447	 1.252060	 -2.110916	 -0.935287
 -4.817857	 -2.381251	 -0.903382	 1.253235	 -2.110336	 -0.935067
 -4.816604	 -2.383361	 -0.904317	 1.254411	 -2.109755	 -0.934846
 -4.815350	 -2.385471	 -0.905252	 1.255586	 -2.109173	 -0.934626
 -4.814094	 -2.387580	 -0.906187	 1.256760	 -2.108592	 -0.934405
 -4.812837	 -2.389689	 -0.907121	 1.257935	 -2.108009	 -0.934184
 -4.811580	 -2.391797	 -0.908055	 1.259109	 -2.107426	 -0.933963
 -4.810320	 -2.393904	 -0.908989	 1.260283	 -2.106843	 -0.933741
 -4.809060	 -2.396011	 -0.909923	 1.261456	 -2.106259	 -0.933519
 -4.807799	 -2.398117	 -0.910857	 1.262629	 -2.105674	 -0.933297
 -4.806536	 -2.400223	 -0.911790	 1.263802	 -2.105089	 -0.933075
 -4.805272	 -2.402328	 -0.912723	 1.264975	 -2.104503	 -0.932853
 -4.804007	 -2.404432	 -0.913656	 1.266147	 -2.103917	 -0.932630
 -4.802741	 -2.406536	 -0.914588	 1.267319	 -2.103331	 -0.932407
 -4.801474	 -2.408640	 -0.915521	 1.268491	 -2.102744	 -0.932184
 -4.800205	 -2.410742	 -0.916453	 1.269663	 -2.102156	 -0.931961
 -4.798936	 -2.412845	 -0.917385	 1.270834	 -2.101568	 -0.931737
 -4.797665	 -2.414946	 -0.918317	 1.272005	 -2.100979	 -0.931513
 -4.796393	 -2.417047	 -0.919248	 1.273175	 -2.100390	 -0.931289
 -4.795120	 -2.419147	 -0.920180	 1.274346	 -2.099800	 -0.931065
 -4.793845	 -2.421247	 -0.921111	 1.275516	 -2.099210	 -0.930840
 -4.792570	 -2.423346	 -0.922041	 1.276686	 -2.098619	 -0.930616
 -4.791293	 -2.425445	 -0.922972	 1.277855	 -2.098028	 -0.930391
 -4.790015	 -2.427543	 -0.923902	 1.279024	 -2.097436	 -0.930165
 -4.788736	 -2.429641	 -0.924833	 1.280193	 -2.096843	 -0.929940
 -4.787456	 -2.431737	 -0.925763	 1.281362	 -2.096250	 -0.929714
 -4.786175	 -2.433834	 -0.926692	 1.282530	 -2.095657	 -0.929488
 -4.784892	 -2.435929	 -0.927622	 1.283698	 -2.095063	 -0.929262
 -4.783608	 -2.438024	 -0.928551	 1.284866	 -2.094469	 -0.929036
 -4.782324	 -2.440119	 -0.929480	 1.286033	 -2.093874	 -0.928809
 -4.781038	 -2.442213	 -0.930409	 1.287200	 -2.093278	 -0.928582
 -4.779750	 -2.444306	 -0.931337	 1.288367	 -2.092682	 -0.928355
 -4.778462	 -2.446399	 -0.932266	 1.289534	 -2.092085	 -0.928128
 -4.777172	 -2.448491	 -0.933194	 1.290700	 -2.091488	 -0.927900
 -4.775882	 -2.450582	 -0.934122	 1.291866	 -2.090891	 -0.927673
 -4.774590	 -2.452673	 -0.935050	 1.293032	 -2.090293	 -0.927445
 -4.773297	 -2.454763	 -0.935977	 1.294197	 -2.089694	 -0.927216
 -4.772003	 -2.456853	 -0.936904	 1.295362	 -2.089095	 -0.926988
 -4.770707	 -2.458942	 -0.937831	 1.296527	 -2.088495	 -0.926759
 -4.769411	 -2.461031	 -0.938758	 1.297691	 -2.087895	 -0.926530
 -4.768113	 -2.463119	 -0.939684	 1.298855	 -2.087294	 -0.926301
 -4.766814	 -2.465206	 -0.940611	 1.300019	 -2.086693	 -0.926072
 -4.765514	 -2.467293	 -0.941537	 1.301183	 -2.086091	 -0.925842
 -4.764213	 -2.469379	 -0.942463	 1.302346	 -2.085489	 -0.925612
 -4.762911	 -2.471464	 -0.943388	 1.303509	 -2.084886	 -0.925382
 -4.761607	 -2.473549	 -0.944314	 1.304672	 -2.084283	 -0.925152
 -4.760302	 -2.475633	 -0.945239	 1.305834	 -2.083679	 -0.924921
 -4.758997	 -2.477717	 -0.946164	 1.306996	 -2.083075	 -0.924691
 -4.757690	 -2.479800	 -0.947088	 1.308158	 -2.082470	 -0.924460
 -4.756381	 -2.481883	 -0.948013	 1.309320	 -2.081864	 -0.924229
 -4.755072	 -2.483964	 -0.948937	 1.310481	 -2.081258	 -0.923997
 -4.753762	 -2.486046	 -0.949861	 1.311642	 -2.080652	 -0.923765
 -4.752450	 -2.488126	 -0.950785	 1.312802	 -2.080045	 -0.923533
 -4.751137	 -2.490206	 -0.951708	 1.313963	 -2.079438	 -0.923301
 -4.749823	 -2.492286	 -0.952632	 1.315123	 -2.078830	 -0.923069
 -4.748508	 -2.494365	 -0.953555	 1.316283	 -2.078221	 -0.922836
 -4.747192	 -2.496443	 -0.954478	 1.317442	 -2.077612	 -0.922604
 -4.745874	 -2.498521	 -0.955400	 1.318601	 -2.077002	 -0.922371
 -4.744556	 -2.500598	 -0.956323	 1.319760	 -2.076392	 -0.922137
 -4.743236	 -2.502674	 -0.957245	 1.320918	 -2.075782	 -0.921904
 -4.741915	 -2.504750	 -0.958167	 1.322077	 -2.075171	 -0.921670
 -4.740593	 -2.506825	 -0.959088	 1.323235	 -2.074559	 -0.921436
 -4.739270	 -2.508899	 -0.960010	 1.324392	 -2.073947	 -0.921202
 -4.737945	 -2.510973	 -0.960931	 1.325549	 -2.073334	 -0.920967
 -4.736620	 -2.513047	 -0.961852	 1.326706	 -2.072721	 -0.920733
 -4.735293	 -2.515119	 -0.962773	 1.327863	 -2.072107	 -0.920498
 -4.733965	 -2.517192	 -0.963693	 1.329020	 -2.071493	 -0.920263
 -4.732636	 -2.519263	 -0.964613	 1.330176	 -2.070878	 -0.920027
 -4.731306	 -2.521334	 -0.965533	 1.331332	 -2.070263	 -0.919792
 -4.729975	 -2.523404	 -0.966453	 1.332487	 -2.069647	 -0.919556
 -4.728642	 -2.525474	 -0.967373	 1.333642	 -2.069031	 -0.919320
 -4.727309	 -2.527543	 -0.968292	 1.334797	 -2.068414	 -0.919084
 -4.725974	 -2.529611	 -0.969211	 1.335952	 -2.067797	 -0.918847
 -4.724638	 -2.531679	 -0.970130	 1.337106	 -2.067179	 -0.918610
 -4.723301	 -2.533746	 -0.971049	 1.338260	 -2.066561	 -0.918373
 -4.721963	 -2.535813	 -0.971967	 1.339414	 -2.065942	 -0.918136
 -4.720623	 -2.537879	 -0.972885	 1.340567	 -2.065322	 -0.917899
 -4.719283	 -2.539944	 -0.973803	 1.341720	 -2.064703	 -0.917661
 -4.717941	 -2.542009	 -0.974721	 1.342873	 -2.064082	 -0.917423
 -4.716598	 -2.544073	 -0.975638	 1.344025	 -2.063461	 -0.917185
 -4.715254	 -2.546136	 -0.976555	 1.345177	 -2.062840	 -0.916947
 -4.713909	 -2.548199	 -0.977472	 1.346329	 -2.062218	 -0.916708
 -4.712562	 -2.550261	 -0.978389	 1.347481	 -2.061595	 -0.916470
 -4.711215	 -2.552323	 -0.979305	 1.348632	 -2.060972	 -0.916231
 -4.709866	 -2.554384	 -0.980222	 1.349783	 -2.060349	 -0.915991
 -4.708517	 -2.556444	 -0.981138	 1.350934	 -2.059725	 -0.915752
 -4.707166	 -2.558504	 -0.982053	 1.352084	 -2.059100	 -0.915512
 -4.705814	 -2.560563	 -0.982969	 1.353234	 -2.058475	 -0.915272
 -4.704460	 -2.562622	 -0.983884	 1.354384	 -2.057849	 -0.915032
 -4.703106	 -2.564679	 -0.984799	 1.355533	 -2.057223	 -0.914792
 -4.701750	 -2.566737	 -0.985714	 1.356682	 -2.056597	 -0.914551
 -4.700394	 -2.568793	 -0.986629	 1.357831	 -2.055970	 -0.914310
 -4.699036	 -2.570849	 -0.987543	 1.358979	 -2.055342	 -0.914069
 -4.697677	 -2.572905	 -0.988457	 1.360128	 -2.054714	 -0.913828
 -4.696317	 -2.574959	 -0.989371	 1.361275	 -2.054085	 -0.913586
 -4.694955	 -2.577013	 -0.990284	 1.362423	 -2.053456	 -0.913345
 -4.693593	 -2.579067	 -0.991198	 1.363570	 -2.052826	 -0.913103
 -4.692229	 -2.581120	 -0.992111	 1.364717	 -2.052196	 -0.912860
 -4.690865	 -2.583172	 -0.993024	 1.365864	 -2.051565	 -0.912618
 -4.689499	 -2.585223	 -0.993936	 1.367010	 -2.050934	 -0.912375
 -4.688132	 -2.587274	 -0.994849	 1.368156	 -2.050302	 -0.912132
 -4.686764	 -2.589325	 -0.995761	 1.369302	 -2.049670	 -0.911889
 -4.685394	 -2.591374	 -0.996673	 1.370447	 -2.049037	 -0.911646
 -4.684024	 -2.593423	 -0.997584	 1.371592	 -2.048404	 -0.911402
 -4.682652	 -2.595472	 -0.998496	 1.372737	 -2.047770	 -0.911159
 -4.681280	 -2.597520	 -0.999407	 1.373881	 -2.047136	 -0.910915
 -4.679906	 -2.599567	 -1.000318	 1.375025	 -2.046501	 -0.910670
 -4.678531	 -2.601613	 -1.001229	 1.376169	 -2.045866	 -0.910426
 -4.677155	 -2.603659	 -1.002139	 1.377313	 -2.045230	 -0.910181
 -4.675777	 -2.605704	 -1.003049	 1.378456	 -2.044593	 -0.909936
 -4.674399	 -2.607749	 -1.003959	 1.379599	 -2.043957	 -0.909691
 -4.673019	 -2.609793	 -1.004869	 1.380741	 -2.043319	 -0.909446
 -4.671638	 -2.611836	 -1.005778	 1.381883	 -2.042681	 -0.909200
 -4.670257	 -2.613879	 -1.006687	 1.383025	 -2.042043	 -0.908954
 -4.668874	 -2.615921	 -1.007596	 1.384167	 -2.041404	 -0.908708
 -4.667489	 -2.617962	 -1.008505	 1.385308	 -2.040764	 -0.908462
 -4.666104	 -2.620003	 -1.009414	 1.386449	 -2.040124	 -0.908215
 -4.664718	 -2.622043	 -1.010322	 1.387590	 -2.039484	 -0.907969
 -4.663330	 -2.624083	 -1.011230	 1.388730	 -2.038843	 -0.907722
 -4.661941	 -2.626121	 -1.012137	 1.389870	 -2.038201	 -0.907474
 -4.660551	 -2.628160	 -1.013045	 1.391010	 -2.037559	 -0.907227
 -4.659160	 -2.630197	 -1.013952	 1.392149	 -2.036917	 -0.906979
 -4.657768	 -2.632234	 -1.014859	 1.393288	 -2.036274	 -0.906731
 -4.656375	 -2.634270	 -1.015766	 1.394427	 -2.035630	 -0.906483
 -4.654981	 -2.636306	 -1.016672	 1.395566	 -2.034986	 -0.906235
 -4.653585	 -2.638341	 -1.017579	 1.396704	 -2.034342	 -0.905986
 -4.652188	 -2.640375	 -1.018485	 1.397842	 -2.033697	 -0.905737
 -4.650790	 -2.642409	 -1.019390	 1.398979	 -2.033051	 -0.905488
 -4.649391	 -2.644442	 -1.020296	 1.400116	 -2.032405	 -0.905239
 -4.647991	 -2.646475	 -1.021201	 1.401253	 -2.031758	 -0.904990
 -4.646590	 -2.648506	 -1.022106	 1.402390	 -2.031111	 -0.904740
 -4.645188	 -2.650537	 -1.023011	 1.403526	 -2.030464	 -0.904490
 -4.643784	 -2.652568	 -1.023915	 1.404662	 -2.029815	 -0.904240
 -4.642380	 -2.654598	 -1.024819	 1.405797	 -2.029167	 -0.903990
 -4.640974	 -2.656627	 -1.025723	 1.406933	 -2.028518	 -0.903739
 -4.639567	 -2.658655	 -1.026627	 1.408068	 -2.027868	 -0.903488
 -4.638159	 -2.660683	 -1.027531	 1.409202	 -2.027218	 -0.903237
 -4.636750	 -2.662710	 -1.028434	 1.410337	 -2.026567	 -0.902986
 -4.635339	 -2.664737	 -1.029337	 1.411471	 -2.025916	 -0.902734
 -4.633928	 -2.666763	 -1.030240	 1.412604	 -2.025264	 -0.902482
 -4.632515	 -2.668788	 -1.031142	 1.413738	 -2.024612	 -0.902230
 -4.631101	 -2.670813	 -1.032044	 1.414871	 -2.023959	 -0.901978
 -4.629687	 -2.672837	 -1.032946	 1.416003	 -2.023306	 -0.901726
 -4.628270	 -2.674860	 -1.033848	 1.417136	 -2.022652	 -0.901473
 -4.626853	 -2.676883	 -1.034750	 1.418268	 -2.021998	 -0.901220
 -4.625435	 -2.678905	 -1.035651	 1.419399	 -2.021343	 -0.900967
 -4.624016	 -2.680926	 -1.036552	 1.420531	 -2.020688	 -0.900714
 -4.622595	 -2.682947	 -1.037452	 1.421662	 -2.020032	 -0.900460
 -4.621174	 -2.684967	 -1.038353	 1.422793	 -2.019376	 -0.900207
 -4.619751	 -2.686986	 -1.039253	 1.423923	 -2.018719	 -0.899953
 -4.618327	 -2.689005	 -1.040153	 1.425053	 -2.018062	 -0.899698
 -4.616902	 -2.691023	 -1.041053	 1.426183	 -2.017404	 -0.899444
 -4.615476	 -2.693040	 -1.041952	 1.427313	 -2.016745	 -0.899189
 -4.614048	 -2.695057	 -1.042851	 1.428442	 -2.016087	 -0.898934
 -4.612620	 -2.697073	 -1.043750	 1.429571	 -2.015427	 -0.898679
 -4.611190	 -2.699089	 -1.044649	 1.430699	 -2.014767	 -0.898424
 -4.609760	 -2.701103	 -1.045547	 1.431827	 -2.014107	 -0.898168
 -4.608328	 -2.703117	 -1.046446	 1.432955	 -2.013446	 -0.897912
 -4.606895	 -2.705131	 -1.047343	 1.434083	 -2.012785	 -0.897656
 -4.605461	 -2.707144	 -1.048241	 1.435210	 -2.012123	 -0.897400
 -4.604025	 -2.709156	 -1.049139	 1.436337	 -2.011461	 -0.897144
 -4.602589	 -2.711167	 -1.050036	 1.437463	 -2.010798	 -0.896887
 -4.601152	 -2.713178	 -1.050933	 1.438589	 -2.010134	 -0.896630
 -4.599713	 -2.715188	 -1.051829	 1.439715	 -2.009470	 -0.896373
 -4.598273	 -2.717198	 -1.052726	 1.440841	 -2.008806	 -0.896115
 -4.596833	 -2.719207	 -1.053622	 1.441966	 -2.008141	 -0.895858
 -4.595391	 -2.721215	 -1.054518	 1.443091	 -2.007476	 -0.895600
 -4.593947	 -2.723222	 -1.055413	 1.444216	 -2.006810	 -0.895342
 -4.592503	 -2.725229	 -1.056309	 1.445340	 -2.006143	 -0.895084
 -4.591058	 -2.727235	 -1.057204	 1.446464	 -2.005476	 -0.894825
 -4.589611	 -2.729241	 -1.058098	 1.447587	 -2.004809	 -0.894566
 -4.588164	 -2.731245	 -1.058993	 1.448711	 -2.004141	 -0.894307
 -4.586715	 -2.733250	 -1.059887	 1.449834	 -2.003472	 -0.894048
 -4.585265	 -2.735253	 -1.060781	 1.450956	 -2.002803	 -0.893789
 -4.583814	 -2.737256	 -1.061675	 1.452079	 -2.002134	 -0.893529
 -4.582362	 -2.739258	 -1.062569	 1.453201	 -2.001464	 -0.893269
 -4.580909	 -2.741259	 -1.063462	 1.454322	 -2.000793	 -0.893009
 -4.579455	 -2.743260	 -1.064355	 1.455443	 -2.000122	 -0.892749
 -4.577999	 -2.745260	 -1.065248	 1.456564	 -1.999451	 -0.892488
 -4.576543	 -2.747260	 -1.066140	 1.457685	 -1.998779	 -0.892228
 -4.575085	 -2.749259	 -1.067032	 1.458805	 -1.998106	 -0.891967
 -4.573626	 -2.751257	 -1.067924	 1.459925	 -1.997433	 -0.891705
 -4.572166	 -2.753254	 -1.068816	 1.461045	 -1.996760	 -0.891444
 -4.570705	 -2.755251	 -1.069708	 1.462164	 -1.996086	 -0.891182
 -4.569243	 -2.757247	 -1.070599	 1.463283	 -1.995411	 -0.890920
 -4.567780	 -2.759242	 -1.071490	 1.464402	 -1.994736	 -0.890658
 -4.566315	 -2.761237	 -1.072380	 1.465520	 -1.994061	 -0.890396
 -4.564850	 -2.763231	 -1.073271	 1.466638	 -1.993385	 -0.890133
 -4.563383	 -2.765224	 -1.074161	 1.467756	 -1.992708	 -0.889871
 -4.561916	 -2.767217	 -1.075051	 1.468873	 -1.992031	 -0.889608
 -4.560447	 -2.769209	 -1.075940	 1.469990	 -1.991354	 -0.889344
 -4.558977	 -2.771201	 -1.076830	 1.471107	 -1.990676	 -0.889081
 -4.557506	 -2.773191	 -1.077719	 1.472223	 -1.989997	 -0.888817
 -4.556033	 -2.775181	 -1.078608	 1.473339	 -1.989318	 -0.888553
 -4.554560	 -2.777171	 -1.079496	 1.474455	 -1.988638	 -0.888289
 -4.553086	 -2.779159	 -1.080384	 1.475570	 -1.987958	 -0.888025
 -4.551610	 -2.781147	 -1.081272	 1.476685	 -1.987278	 -0.887760
 -4.550133	 -2.783134	 -1.082160	 1.477800	 -1.986597	 -0.887496
 -4.548655	 -2.785121	 -1.083048	 1.478914	 -1.985915	 -0.887231
 -4.547177	 -2.787107	 -1.083935	 1.480028	 -1.985233	 -0.886965
 -4.545697	 -2.789092	 -1.084822	 1.481142	 -1.984550	 -0.886700
 -4.544215	 -2.791077	 -1.085709	 1.482255	 -1.983867	 -0.886434
 -4.542733	 -2.793061	 -1.086595	 1.483368	 -1.983184	 -0.886168
 -4.541250	 -2.795044	 -1.087481	 1.484480	 -1.982500	 -0.885902
 -4.539765	 -2.797026	 -1.088367	 1.485593	 -1.981815	 -0.885636
 -4.538280	 -2.799008	 -1.089253	 1.486705	 -1.981130	 -0.885369
 -4.536793	 -2.800989	 -1.090138	 1.487816	 -1.980444	 -0.885102
 -4.535305	 -2.802970	 -1.091023	 1.488927	 -1.979758	 -0.884835
 -4.533816	 -2.804949	 -1.091908	 1.490038	 -1.979072	 -0.884568
 -4.532326	 -2.806929	 -1.092793	 1.491149	 -1.978385	 -0.884301
 -4.530835	 -2.808907	 -1.093677	 1.492259	 -1.977697	 -0.884033
 -4.529343	 -2.810885	 -1.094561	 1.493369	 -1.977009	 -0.883765
 -4.527849	 -2.812862	 -1.095445	 1.494479	 -1.976320	 -0.883497
 -4.526355	 -2.814838	 -1.096328	 1.495588	 -1.975631	 -0.883229
 -4.524859	 -2.816814	 -1.097211	 1.496697	 -1.974942	 -0.882960
 -4.523363	 -2.818789	 -1.098094	 1.497805	 -1.974252	 -0.882691
 -4.521865	 -2.820763	 -1.098977	 1.498914	 -1.973561	 -0.882422
 -4.520366	 -2.822736	 -1.099859	 1.500022	 -1.972870	 -0.882153
 -4.518866	 -2.824709	 -1.100742	 1.501129	 -1.972178	 -0.881883
 -4.517365	 -2.826681	 -1.101623	 1.502236	 -1.971486	 -0.881614
 -4.515863	 -2.828653	 -1.102505	 1.503343	 -1.970794	 -0.881344
 -4.514359	 -2.830624	 -1.103386	 1.504450	 -1.970100	 -0.881074
 -4.512855	 -2.832594	 -1.104268	 1.505556	 -1.969407	 -0.880803
 -4.511349	 -2.834563	 -1.105148	 1.506662	 -1.968713	 -0.880533
 -4.509843	 -2.836532	 -1.106029	 1.507767	 -1.968018	 -0.880262
 -4.508335	 -2.838500	 -1.106909	 1.508872	 -1.967323	 -0.879991
 -4.506826	 -2.840467	 -1.107789	 1.509977	 -1.966627	 -0.879720
 -4.505316	 -2.842434	 -1.108669	 1.511082	 -1.965931	 -0.879448
 -4.503805	 -2.844400	 -1.109548	 1.512186	 -1.965235	 -0.879176
 -4.502293	 -2.846365	 -1.110427	 1.513289	 -1.964538	 -0.878905
 -4.500779	 -2.848330	 -1.111306	 1.514393	 -1.963840	 -0.878632
 -4.499265	 -2.850293	 -1.112185	 1.515496	 -1.963142	 -0.878360
 -4.497749	 -2.852257	 -1.113063	 1.516599	 -1.962443	 -0.878087
 -4.496233	 -2.854219	 -1.113941	 1.517701	 -1.961744	 -0.877815
 -4.494715	 -2.856181	 -1.114819	 1.518803	 -1.961045	 -0.877542
 -4.493196	 -2.858142	 -1.115697	 1.519905	 -1.960345	 -0.877268
 -4.491676	 -2.860102	 -1.116574	 1.521006	 -1.959644	 -0.876995
 -4.490155	 -2.862062	 -1.117451	 1.522107	 -1.958943	 -0.876721
 -4.488633	 -2.864021	 -1.118328	 1.523208	 -1.958241	 -0.876447
 -4.487110	 -2.865979	 -1.119204	 1.524308	 -1.957539	 -0.876173
 -4.485586	 -2.867936	 -1.120080	 1.525408	 -1.956837	 -0.875899
 -4.484060	 -2.869893	 -1.120956	 1.526508	 -1.956134	 -0.875624
 -4.482534	 -2.871849	 -1.121832	 1.527607	 -1.955430	 -0.875349
 -4.481006	 -2.873805	 -1.122707	 1.528706	 -1.954726	 -0.875074
 -4.479478	 -2.875760	 -1.123582	 1.529805	 -1.954021	 -0.874799
 -4.477948	 -2.877714	 -1.124457	 1.530903	 -1.953316	 -0.874524
 -4.476417	 -2.879667	 -1.125332	 1.532001	 -1.952611	 -0.874248
 -4.474885	 -2.881620	 -1.126206	 1.533098	 -1.951905	 -0.873972
 -4.473352	 -2.883571	 -1.127080	 1.534196	 -1.951198	 -0.873696
 -4.471818	 -2.885523	 -1.127954	 1.535293	 -1.950491	 -0.873419
 -4.470282	 -2.887473	 -1.128827	 1.536389	 -1.949784	 -0.873143
 -4.468746	 -2.889423	 -1.129700	 1.537485	 -1.949076	 -0.872866
 -4.467208	 -2.891372	 -1.130573	 1.538581	 -1.948367	 -0.872589
 -4.465670	 -2.893320	 -1.131446	 1.539676	 -1.947658	 -0.872312
 -4.464130	 -2.895268	 -1.132318	 1.540772	 -1.946949	 -0.872034
 -4.462589	 -2.897215	 -1.133190	 1.541866	 -1.946238	 -0.871757
 -4.461048	 -2.899161	 -1.134062	 1.542961	 -1.945528	 -0.871479
 -4.459505	 -2.901107	 -1.134933	 1.544055	 -1.944817	 -0.871201
 -4.457961	 -2.903052	 -1.135804	 1.545149	 -1.944105	 -0.870922
 -4.456415	 -2.904996	 -1.136675	 1.546242	 -1.943393	 -0.870644
 -4.454869	 -2.906939	 -1.137546	 1.547335	 -1.942681	 -0.870365
 -4.453322	 -2.908882	 -1.138416	 1.548428	 -1.941968	 -0.870086
 -4.451773	 -2.910824	 -1.139286	 1.549520	 -1.941254	 -0.869807
 -4.450224	 -2.912765	 -1.140156	 1.550612	 -1.940540	 -0.869527
 -4.448673	 -2.914706	 -1.141026	 1.551703	 -1.939826	 -0.869248
 -4.447122	 -2.916645	 -1.141895	 1.552795	 -1.939111	 -0.868968
 -4.445569	 -2.918584	 -1.142764	 1.553886	 -1.938396	 -0.868688
 -4.444015	 -2.920523	 -1.143633	 1.554976	 -1.937680	 -0.868407
 -4.442460	 -2.922461	 -1.144501	 1.556066	 -1.936963	 -0.868127
 -4.440904	 -2.924397	 -1.145369	 1.557156	 -1.936246	 -0.867846
 -4.439347	 -2.926334	 -1.146237	 1.558246	 -1.935529	 -0.867565
 -4.437788	 -2.928269	 -1.147105	 1.559335	 -1.934811	 -0.867284
 -4.436229	 -2.930204	 -1.147972	 1.560424	 -1.934092	 -0.867002
 -4.434669	 -2.932138	 -1.148839	 1.561512	 -1.933373	 -0.866721
 -4.433107	 -2.934072	 -1.149706	 1.562600	 -1.932654	 -0.866439
 -4.431545	 -2.936004	 -1.150572	 1.563688	 -1.931934	 -0.866157
 -4.429981	 -2.937936	 -1.151438	 1.564775	 -1.931214	 -0.865874
 -4.428416	 -2.939867	 -1.152304	 1.565862	 -1.930493	 -0.865592
 -4.426850	 -2.941798	 -1.153170	 1.566949	 -1.929771	 -0.865309
 -4.425283	 -2.943728	 -1.154035	 1.568035	 -1.929050	 -0.865026
 -4.423715	 -2.945657	 -1.154900	 1.569121	 -1.928327	 -0.864743
 -4.422146	 -2.947585	 -1.155765	 1.570207	 -1.927604	 -0.864459
 -4.420576	 -2.949513	 -1.156629	 1.571292	 -1.926881	 -0.864176
 -4.419005	 -2.951439	 -1.157493	 1.572377	 -1.926157	 -0.863892
 -4.417432	 -2.953366	 -1.158357	 1.573461	 -1.925433	 -0.863608
 -4.415859	 -2.955291	 -1.159221	 1.574545	 -1.924708	 -0.863324
 -4.414284	 -2.957216	 -1.160084	 1.575629	 -1.923983	 -0.863039
 -4.412709	 -2.959140	 -1.160947	 1.576713	 -1.923257	 -0.862754
 -4.411132	 -2.961063	 -1.161810	 1.577796	 -1.922531	 -0.862469
 -4.409554	 -2.962986	 -1.162672	 1.578878	 -1.921804	 -0.862184
 -4.407975	 -2.964907	 -1.163535	 1.579961	 -1.921076	 -0.861899
 -4.406395	 -2.966828	 -1.164397	 1.581043	 -1.920349	 -0.861613
 -4.404814	 -2.968749	 -1.165258	 1.582124	 -1.919620	 -0.861327
 -4.403232	 -2.970668	 -1.166119	 1.583206	 -1.918892	 -0.861041
 -4.401649	 -2.972587	 -1.166981	 1.584287	 -1.918162	 -0.860755
 -4.400065	 -2.974505	 -1.167841	 1.585367	 -1.917433	 -0.860469
 -4.398479	 -2.976423	 -1.168702	 1.586447	 -1.916702	 -0.860182
 -4.396893	 -2.978340	 -1.169562	 1.587527	 -1.915972	 -0.859895
 -4.395305	 -2.980256	 -1.170422	 1.588607	 -1.915240	 -0.859608
 -4.393717	 -2.982171	 -1.171281	 1.589686	 -1.914509	 -0.859321
 -4.392127	 -2.984085	 -1.172141	 1.590765	 -1.913777	 -0.859033
 -4.390536	 -2.985999	 -1.173000	 1.591843	 -1.913044	 -0.858745
 -4.388944	 -2.987912	 -1.173859	 1.592921	 -1.912311	 -0.858457
 -4.387351	 -2.989824	 -1.174717	 1.593999	 -1.911577	 -0.858169
 -4.385757	 -2.991736	 -1.175575	 1.595076	 -1.910843	 -0.857880
 -4.384162	 -2.993647	 -1.176433	 1.596153	 -1.910108	 -0.857592
 -4.382566	 -2.995557	 -1.177291	 1.597230	 -1.909373	 -0.857303
 -4.380969	 -2.997466	 -1.178148	 1.598306	 -1.908637	 -0.857014
 -4.379371	 -2.999375	 -1.179005	 1.599382	 -1.907901	 -0.856724
 -4.377771	 -3.001283	 -1.179862	 1.600457	 -1.907165	 -0.856435
 -4.376171	 -3.003190	 -1.180718	 1.601532	 -1.906428	 -0.856145
 -4.374569	 -3.005096	 -1.181574	 1.602607	 -1.905690	 -0.855855
 -4.372967	 -3.007002	 -1.182430	 1.603682	 -1.904952	 -0.855565
 -4.371363	 -3.008907	 -1.183286	 1.604756	 -1.904213	 -0.855275
 -4.369758	 -3.010811	 -1.184141	 1.605829	 -1.903474	 -0.854984
 -4.368152	 -3.012715	 -1.184996	 1.606903	 -1.902735	 -0.854693
 -4.366546	 -3.014618	 -1.185851	 1.607976	 -1.901995	 -0.854402
 -4.364938	 -3.016520	 -1.186705	 1.609048	 -1.901254	 -0.854111
 -4.363328	 -3.018421	 -1.187559	 1.610120	 -1.900513	 -0.853819
 -4.361718	 -3.020321	 -1.188413	 1.611192	 -1.899772	 -0.853527
 -4.360107	 -3.022221	 -1.189266	 1.612264	 -1.899030	 -0.853236
