30.00  	30.00  	30.00  	30.00  	30.00  	30.00  	30.00  	30.00  	30.00  	30.00  	

30.00  	20.62  	16.64  	15.18  	14.68  	14.52  	14.47  	14.45  	19.45  	30.00  	

30.00  	16.64  	10.31  	7.75  	6.80  	6.46  	6.35  	6.31  	14.22  	30.00  	

30.00  	15.18  	7.75  	4.56  	3.31  	2.84  	2.68  	2.62  	11.80  	30.00  	

30.00  	14.68  	6.80  	3.31  	1.89  	1.34  	1.14  	1.07  	10.75  	30.00  	

30.00  	14.52  	6.46  	2.84  	1.34  	0.75  	0.53  	0.44  	10.31  	30.00  	

30.00  	14.47  	6.35  	2.68  	1.14  	0.53  	0.29  	0.20  	10.13  	30.00  	

30.00  	14.45  	6.31  	2.62  	1.07  	0.44  	0.20  	0.11  	10.06  	30.00  	

30.00  	19.45  	14.22  	11.80  	10.75  	10.31  	10.13  	10.06  	20.03  	30.00  	

30.00  	30.00  	30.00  	30.00  	30.00  	30.00  	30.00  	30.00  	30.00  	30.00  	

