30.00  	30.00  	30.00  	30.00  	30.00  	30.00  	30.00  	30.00  	30.00  	30.00  	

30.00  	25.83  	23.00  	21.32  	20.43  	20.07  	20.52  	22.48  	26.00  	30.00  	

30.00  	23.00  	18.08  	15.07  	13.40  	12.73  	13.60  	17.08  	23.13  	30.00  	

30.00  	21.32  	15.07  	11.13  	8.89  	7.98  	9.10  	13.56  	21.24  	30.00  	

30.00  	20.43  	13.40  	8.89  	6.27  	5.18  	6.43  	11.45  	20.08  	30.00  	

30.00  	20.07  	12.73  	7.98  	5.18  	4.00  	5.31  	10.62  	19.78  	30.00  	

30.00  	20.52  	13.60  	9.10  	6.43  	5.31  	6.71  	12.19  	20.83  	30.00  	

30.00  	22.48  	17.08  	13.56  	11.45  	10.62  	12.19  	16.77  	23.32  	30.00  	

30.00  	26.00  	23.13  	21.24  	20.08  	19.78  	20.83  	23.32  	26.66  	30.00  	

30.00  	30.00  	30.00  	30.00  	30.00  	30.00  	30.00  	30.00  	30.00  	30.00  	

