30.00  	30.00  	30.00  	30.00  	30.00  	30.00  	30.00  	30.00  	30.00  	30.00  	

30.00  	27.36  	25.30  	23.88  	23.07  	22.97  	23.73  	25.36  	27.60  	30.00  	

30.00  	25.30  	21.59  	18.98  	17.51  	17.34  	18.73  	21.67  	25.70  	30.00  	

30.00  	23.88  	18.98  	15.50  	13.53  	13.31  	15.16  	19.06  	24.37  	30.00  	

30.00  	23.07  	17.51  	13.53  	11.27  	11.04  	13.22  	17.72  	23.72  	30.00  	

30.00  	22.97  	17.34  	13.31  	11.04  	10.92  	13.26  	17.86  	23.84  	30.00  	

30.00  	23.73  	18.73  	15.16  	13.22  	13.26  	15.47  	19.56  	24.74  	30.00  	

30.00  	25.36  	21.67  	19.06  	17.72  	17.86  	19.56  	22.56  	26.27  	30.00  	

30.00  	27.60  	25.70  	24.37  	23.72  	23.84  	24.74  	26.27  	28.13  	30.00  	

30.00  	30.00  	30.00  	30.00  	30.00  	30.00  	30.00  	30.00  	30.00  	30.00  	

