30.00  	30.00  	30.00  	30.00  	30.00  	30.00  	30.00  	30.00  	30.00  	30.00  	

30.00  	27.65  	25.78  	24.46  	23.73  	23.70  	24.45  	25.93  	27.91  	30.00  	

30.00  	25.78  	22.38  	19.96  	18.64  	18.59  	19.97  	22.67  	26.24  	30.00  	

30.00  	24.46  	19.96  	16.74  	14.99  	14.95  	16.80  	20.39  	25.09  	30.00  	

30.00  	23.73  	18.64  	14.99  	13.02  	13.03  	15.20  	19.29  	24.55  	30.00  	

30.00  	23.70  	18.59  	14.95  	13.03  	13.15  	15.42  	19.53  	24.71  	30.00  	

30.00  	24.45  	19.97  	16.80  	15.20  	15.42  	17.49  	21.08  	25.51  	30.00  	

30.00  	25.93  	22.67  	20.39  	19.29  	19.53  	21.08  	23.67  	26.83  	30.00  	

30.00  	27.91  	26.24  	25.09  	24.55  	24.71  	25.51  	26.83  	28.42  	30.00  	

30.00  	30.00  	30.00  	30.00  	30.00  	30.00  	30.00  	30.00  	30.00  	30.00  	

